    0.172335892478670161E+02    0.894010049387803463E+01    0.217181190487540166E+01   -0.120028823027921461E+01    0.939728298759661925E+03   -0.265363666632037113E+56   -0.230091898153046470E+01    1
    0.208306365459800080E+01    0.988909577289161668E+01    0.330267350628755174E+00    0.266807922510248163E+01    0.717643099743917446E+03   -0.130507205302547875E+52   -0.240091898153046435E+01    1
    0.340086022216471804E+02    0.354740067297335404E+01    0.193461454290430779E+01    0.105551649627840338E+01    0.407538983499863718E+03   -0.204197114387624568E+30   -0.250091898153046444E+01    1
    0.129124746341820540E+02    0.440010652900339228E+01    0.167718811303707938E+01   -0.470296820882027422E+01    0.406552168005053147E+03   -0.731433413840621530E+29   -0.260091898153046497E+01    1
    0.555363554446558982E+01    0.409169718567444374E+01    0.383147375682406088E+00    0.204550446924402118E+01    0.217789889082051786E+03   -0.157524351923698207E+23   -0.270091898153046506E+01    1
    0.388700152324917383E+02    0.250541655068895208E+01    0.121096006398535905E+01   -0.163220265721662317E+00    0.204930821396119597E+03   -0.117565572362058963E+22   -0.280091898153046470E+01    1
    0.611009695296924775E+02    0.258342854638456743E+01    0.154439049194373568E+00    0.389068818856129317E+00    0.139203451611681453E+04   -0.522258841985259602E+20   -0.290091898153046479E+01    1
    0.453829462513338697E+02    0.156694241953336766E+01    0.108767722372266107E+01   -0.169158413300330412E+01    0.129819039962019269E+04   -0.207013470105848000E+17   -0.300091898153046532E+01    1
    0.412620994227091913E+02    0.198753209708265643E+01    0.126179777317744352E+00    0.197696391487624723E+01    0.242904134216956948E+03   -0.537465808808471100E+16   -0.310091898153046586E+01    1
    0.631848494810980910E+02    0.124146634281221163E+00    0.317218281977219974E+01    0.333516654897565523E+01    0.125874909174048366E+04   -0.374292275418910550E+16   -0.320091898153046506E+01    1
    0.606440187755894016E+02    0.322638568409136894E+01    0.306039633897826679E+00   -0.345635606477143531E+01    0.375219527480039574E+03   -0.117220404237563400E+16   -0.330091898153046515E+01    1
    0.446102714292754357E+02    0.131332838614026959E+01    0.710208733089934041E+00    0.856889161534116206E+00    0.118793460939325450E+04   -0.344964821089811750E+15   -0.340091898153046479E+01    1
    0.512083718708522539E+00    0.628357413471711923E+00    0.344147714916214698E+01    0.456664418150429707E+01    0.118945152124049810E+04   -0.198858628293714312E+15   -0.350091898153046488E+01    1
    0.558663319620193555E+00    0.168430854118594087E+01    0.297582153397704552E+00   -0.274600466833383194E+01    0.135175377621218172E+04   -0.587287278093662734E+14   -0.360091898153046541E+01    1
    0.984221947797455101E+02    0.975785920843272869E+00    0.967650280289255593E+00    0.905650506359135909E+00    0.147110267853321460E+03   -0.426477424626165312E+14   -0.370091898153046506E+01    1
    0.758806178516535113E+02    0.478031777024315818E+00    0.851350676107905158E+00   -0.123728496428888515E+00    0.215920996114396928E+03   -0.308644077589317942E+10   -0.380091898153046559E+01    1
    0.178484958142896630E+02    0.952921509335593053E+00    0.912341545067260951E+00   -0.436514895955934357E+01    0.105903131333996089E+04   -0.266743695539090574E+09   -0.390091898153046568E+01    1
    0.739859318044403125E+02    0.657284109508435743E+00    0.942178244635618056E+00   -0.275459724166788877E+01    0.153630367852833785E+03   -0.204840161342191130E+09   -0.400091898153046532E+01    1
    0.523993654747200353E+02    0.546560412242914406E+00    0.964717884124024039E+00   -0.393485140407858136E+01    0.659161555455695748E+03   -0.742543450993684828E+08   -0.410091898153046586E+01    1
    0.104177659438794194E+03    0.547328479885730967E+00    0.904112745084238334E+00   -0.298168045554564998E+01    0.146289340732505281E+03   -0.270600417525911592E+08   -0.420091898153046550E+01    1
    0.208065967050416800E+01    0.117321046702549406E+00    0.151963993811692233E+01   -0.269247523893412755E+01    0.521529736584633383E+03   -0.103987553122729491E+08   -0.430091898153046603E+01    1
    0.223277418728911172E+02    0.703970180450798400E+00    0.593772482075155983E+00   -0.771882550076096852E+00    0.910932029939660652E+03   -0.902198848876814730E+07   -0.440091898153046568E+01    1
    0.259694216898803063E+02    0.648458510819338474E+00    0.155140612961175012E+00    0.267814042979930056E+01    0.100736405722716506E+04   -0.575117433850832470E+07   -0.450091898153046621E+01    1
    0.152228301047988239E+02    0.116502797056604535E+01    0.233894799237630624E+00    0.122378819303161168E+01    0.558274957988697111E+03   -0.973460158533675363E+06   -0.460091898153046674E+01    1
    0.793880223975669850E+02    0.273174581095456670E+00    0.637346647556196189E+00   -0.132674590657614666E+01    0.885851264480079521E+03   -0.707020821458593826E+06   -0.470091898153046639E+01    1
    0.103648452626190419E+02    0.137458503025122331E+00    0.721318671951909213E-01    0.447052835428707773E+01    0.288629977663567104E+03   -0.508684215607043647E+06   -0.480091898153046603E+01    1
    0.346361151931810909E+02    0.115524829911119661E+00    0.583206618489418016E+00    0.439290849089610580E+00    0.308747836043926782E+03   -0.115505689886756387E+06   -0.490091898153046657E+01    1
    0.169863197738918466E+02    0.308082949652856597E+00    0.556276628098314352E+00   -0.359321909688166630E+00    0.464842551977678340E+03   -0.140732573075638556E+05   -0.500091898153046621E+01    1
    0.665577792501160737E+01    0.502226124355046100E+00    0.139255270356480249E+00    0.347222427987621618E+01    0.960559710936872648E+03   -0.677207714182989730E+04   -0.510091898153046674E+01    1
    0.669126001079599746E+02    0.660903835661086680E+00    0.527686286399239091E+00   -0.314225047213581554E+01    0.102735588731965868E+04   -0.513132284631257426E+04   -0.520091898153046639E+01    1
    0.342687416782903185E+02    0.104318315973229869E+01    0.279571392242969508E+00    0.118864406047496596E+01    0.613351678480350074E+03   -0.368743392646731354E+04   -0.530091898153046692E+01    1
    0.576807101242780149E+02    0.106109581678202641E+00    0.822694277961151466E+00   -0.393301313654892049E+01    0.268665972568579605E+03   -0.306292680907873455E+04   -0.540091898153046657E+01    1
    0.256482392655338529E+02    0.494212340756251090E+00    0.322960519876145713E+00    0.121724994593862457E+01    0.125854159355036745E+04   -0.161022424413104500E+04   -0.550091898153046710E+01    1
    0.281592850172944544E+02    0.174693640718227905E+00    0.624448329176388039E+00   -0.199055216615375796E+01    0.305743635280242074E+03   -0.502375419023703500E+03   -0.560091898153046674E+01    1
    0.725338800709650684E+02    0.108587484102929954E+00    0.576409695837772684E+00   -0.170034493355146621E+01    0.321373296015685185E+03   -0.443853440336509834E+03   -0.570091898153046639E+01    1
    0.517482830809728540E+02    0.140430608753984942E+00    0.529736061268239355E+00   -0.119394771389784871E+01    0.444518246112350823E+03   -0.421308684640014292E+03   -0.580091898153046692E+01    1
    0.426023004970935801E+02    0.404158706523949363E+00    0.808516060091634681E-01    0.474671240592888921E+01    0.624536755826971103E+03   -0.416181740816278364E+03   -0.590091898153046746E+01    1
    0.419685160005114710E+02    0.286643855700179584E+00    0.361215940129954172E+00   -0.374413287760540529E-02    0.897272078220608137E+03   -0.399082526742398500E+03   -0.600091898153046710E+01    1
    0.268557062849696209E+02    0.267084570564034229E+00    0.524199239935925210E+00   -0.153238395395323801E+01    0.496778356172958581E+03   -0.360206983789687001E+03   -0.610091898153046763E+01    1
    0.524685944331166922E+02    0.189320111749575387E+00    0.178589372364466786E+00    0.310718582741549065E+01    0.329591072260739566E+03   -0.216373234871255477E+03   -0.620091898153046728E+01    1
    0.185753824549560989E+02    0.106040400783329075E+00    0.602294761851521199E+00   -0.178082187217603960E+01    0.235956276253411545E+03   -0.208621272393865979E+03   -0.630091898153046603E+01    1
    0.729039918857349889E+01    0.337063265977255944E+00    0.243838139866446230E+00    0.203769843482011748E+01    0.746552987561464874E+03   -0.203950218363388643E+03   -0.640091898153046657E+01    1
    0.244169045223098884E+02    0.200746711708669118E+00    0.326481371291734157E+00    0.707495388924693214E+00    0.966872421702696897E+03   -0.195616887397927030E+03   -0.650091898153046799E+01    1
    0.773234585543876278E+02    0.153962658489569137E+00    0.407387339322162811E+00   -0.177822838326584187E+00    0.702552178020936367E+03   -0.168262058137221402E+03   -0.660091898153046763E+01    1
    0.483204590903470219E+02    0.149936140373200522E+00    0.134862389575275993E+00    0.409106679278514296E+01    0.508252190813380821E+03   -0.164609076075560779E+03   -0.670091898153046817E+01    1
    0.374780525512020404E+02    0.132113299137633117E+00    0.289879814055604645E+00    0.193173738513050974E+01    0.655691375306523128E+03   -0.157398438736611610E+03   -0.680091898153046692E+01    1
    0.617585865925957904E+02    0.218848462349505696E+00    0.937581757641196695E-01    0.459857251189443872E+01    0.321115240821508280E+03   -0.150394042400032419E+03   -0.690091898153046746E+01    1
    0.327085883752749496E+02    0.118073605673070847E+00    0.207459440318078281E+00    0.332048687771782625E+01    0.142032856772805189E+03   -0.137032036571330451E+03   -0.700091898153046710E+01    1
    0.111754109476058883E+02    0.217634195850872181E+00    0.211740982092873842E+00    0.265775180238549291E+01    0.299676111253408749E+03   -0.132005864009965478E+03   -0.710091898153046674E+01    1
    0.394263445245061703E+02    0.155846677776535464E+00    0.232672387255838359E+00    0.248870644518392670E+01    0.649259091699379383E+02   -0.128250914611642969E+03   -0.720091898153046728E+01    1
    0.380865462621213879E+02    0.237492929810417336E+00    0.142728755093529225E+00    0.386737682593982957E+01    0.412873872569470109E+03   -0.125801292165752827E+03   -0.730091898153046781E+01    1
    0.361301043681110059E+02    0.177078730016483915E+00    0.339842986186211282E+00    0.129313370665091787E+01    0.183532787257313174E+03   -0.125271384384623801E+03   -0.740091898153046834E+01    1
    0.221905018343129825E+02    0.120792809824769753E+00    0.190474494418927748E+00    0.329161154633888309E+01    0.167094530438570843E+03   -0.124735516776955620E+03   -0.750091898153046799E+01    1
    0.413035009234319830E+02    0.115602540267795817E+00    0.220670058292613130E+00    0.263820189960461571E+01    0.702638421829969161E+03   -0.122649560748326394E+03   -0.760091898153046852E+01    1
    0.337485812708183630E+02    0.166725943246458869E+00    0.154025163724473141E+00    0.367148516792212165E+01    0.638379776333165523E+03   -0.120744095432521931E+03   -0.770091898153046639E+01    1
    0.710180762187124941E+02    0.128234083571493074E+00    0.350050642390018818E+00    0.842405991623637496E+00    0.280479123288847575E+03   -0.118940348907341289E+03   -0.780091898153046781E+01    1
    0.271059979544602214E+02    0.168218657602826754E+00    0.265465979803249430E+00    0.197093524568001022E+01    0.252617484208019619E+03   -0.115311323506950998E+03   -0.790091898153046834E+01    1
    0.105858291155326345E+02    0.155361750906703650E+00    0.143682467498878613E+00    0.375711882778345885E+01    0.613943714592921310E+03   -0.113074588858225567E+03   -0.800091898153046799E+01    1
    0.172374995228608476E+02    0.221910616234490821E+00    0.161415883862275678E+00    0.357685052030384076E+01    0.904853060286759955E+03   -0.111560758439992270E+03   -0.810091898153046763E+01    1
    0.285071005711907937E+02    0.192523811273346779E+00    0.308163957546944201E+00    0.144996438520029747E+01    0.272149923677138418E+03   -0.109380425721938863E+03   -0.820091898153046728E+01    1
    0.875816030751796504E+01    0.182982803071668337E+00    0.191269091635463184E+00    0.304190427118093298E+01    0.621784278068714684E+03   -0.109292623836530751E+03   -0.830091898153046870E+01    1
    0.208460937064152674E+02    0.121644206106323732E+00    0.417120702796660969E+00    0.467796387526784652E+00    0.325931534470943518E+01   -0.105606531191169282E+03   -0.840091898153046834E+01    1
    0.626824312278880882E+02    0.244962291545167021E+00    0.409826055771776276E+00   -0.453136637269499210E+00    0.217963746516848175E+03   -0.105380134101572438E+03   -0.850091898153046799E+01    1
    0.793181218947630029E+01    0.129715366726498527E+00    0.176403984265831509E+00    0.333527254296785935E+01    0.442113583830301820E+03   -0.104957869001766895E+03   -0.860091898153046763E+01    1
    0.374116206649017258E+02    0.117102376902745525E+00    0.346005392758683583E+00    0.801231113932397432E+00    0.485865754575652886E+01   -0.103379478356633456E+03   -0.870091898153046728E+01    1
    0.711525177553484234E+01    0.132413966614803008E+00    0.228631552740349603E+00    0.254656171424165079E+01    0.112260672882161543E+03   -0.101457708641596483E+03   -0.880091898153046870E+01    1
    0.282115881782447637E+02    0.130876637197384071E+00    0.575044148201714678E+00   -0.149924851439522477E+01    0.129935749134842240E+03   -0.100035952772187059E+03   -0.890091898153046834E+01    1
    0.788179377435391046E+02    0.121265397700267674E+00    0.386506508183431075E+00    0.124940586031986850E+00    0.234273739910780648E+03   -0.991179777975688268E+02   -0.900091898153046799E+01    1
    0.276642014605789051E+02    0.165608564914310918E+00    0.487059402460706670E+00   -0.369314504355176432E+00    0.356822191396006971E+02   -0.969791288210992377E+02   -0.910091898153046941E+01    1
    0.295283386136401944E+02    0.117701074190614680E+00    0.469192404294268728E+00   -0.579940844009902090E+00    0.102907572372709581E+03   -0.941431407714641040E+02   -0.920091898153046905E+01    1
    0.535777397346091178E+02    0.181725659414155083E+00    0.442069474919468630E+00   -0.383528920719078736E+00    0.797861264849954637E+02   -0.941143552853787071E+02   -0.930091898153046870E+01    1
    0.178556622061987973E+02    0.106283964097629927E+00    0.462416385940345176E+00    0.137107843365930609E-01    0.491434359216596306E+01   -0.933270212558222880E+02   -0.940091898153046834E+01    1
    0.358244999051753794E+02    0.150163108676667573E+00    0.517533474545304184E+00   -0.883817292789871312E+00    0.275689624210083366E+02   -0.931090810135001590E+02   -0.950091898153046799E+01    1
    0.366083001584314189E+02    0.145863345739239342E+00    0.386667735521941780E+00    0.243799059345241903E+00    0.443027687722433683E+02   -0.929502761205444159E+02   -0.960091898153046941E+01    1
    0.236968100102086368E+02    0.161817273627613528E+00    0.428989861750801393E+00   -0.157659484916789466E+00    0.548693241384068244E+02   -0.927490850167975225E+02   -0.970091898153046905E+01    1
    0.781659335805319877E+01    0.119956286881127763E+00    0.269818920442124299E+00    0.202656172774862053E+01    0.282332140410810382E+03   -0.914759264031244470E+02   -0.980091898153046870E+01    1
    0.204277294576917328E+02    0.107625193875368910E+00    0.327399166822000154E+00    0.116653558639530264E+01    0.262754622406529791E+03   -0.910897168133539168E+02   -0.990091898153046834E+01    1
    0.352393916996071468E+02    0.117892199227957656E+00    0.365355680791527804E+00    0.487104433270410531E+00    0.178908550863664857E+03   -0.903337012557113468E+02   -0.100009189815304698E+02    1
    0.257287814537471924E+02    0.166616739434930272E+00    0.386492971010231501E+00    0.208267123892494299E+00    0.377373151586872098E+03   -0.884504241609089661E+02   -0.101009189815304694E+02    1
    0.381387681681630184E+02    0.151516981162812564E+00    0.498673208359002307E+00   -0.911851453198617268E+00    0.987493664795747748E+02   -0.878180087222104788E+02   -0.102009189815304691E+02    1
    0.199161951489161204E+02    0.127488195681850491E+00    0.348432960293059368E+00    0.846135300197153883E+00    0.147087743928338881E+03   -0.870856970586209655E+02   -0.103009189815304687E+02    1
    0.294497473384613357E+02    0.133576323829596222E+00    0.375371237595239660E+00    0.362762113672512265E+00    0.375758918021625391E+03   -0.866715987883870724E+02   -0.104009189815304683E+02    1
    0.379014573851672907E+02    0.176373446684875562E+00    0.424414847173937959E+00   -0.282272305045749905E+00    0.176192007977536207E+03   -0.865370628797827663E+02   -0.105009189815304680E+02    1
    0.296079886050356968E+02    0.174809707907891215E+00    0.388045352860300619E+00    0.228349401233411409E+00    0.124568747218803935E+03   -0.864706660263936016E+02   -0.106009189815304694E+02    1
    0.790746482502683357E+01    0.138203253059696995E+00    0.314064756352898933E+00    0.146169948222916624E+01    0.594446773761842451E+02   -0.857009136268118397E+02   -0.107009189815304691E+02    1
    0.125953579444899439E+02    0.164888868631232560E+00    0.361988407914714705E+00    0.698620194613706280E+00    0.164138432998257031E+03   -0.855990426488749705E+02   -0.108009189815304687E+02    1
    0.170938390391635906E+02    0.179764131794403953E+00    0.473505946498964936E+00   -0.303241079233029787E+00    0.183996326660510960E+03   -0.854279408643396607E+02   -0.109009189815304701E+02    1
    0.168005655859398964E+02    0.143816226366569100E+00    0.358457113668138094E+00    0.815030236334696845E+00    0.523696770890464222E+03   -0.845758738556042431E+02   -0.110009189815304698E+02    1
    0.104825095334789715E+02    0.127566339433208442E+00    0.406189198853660560E+00    0.632026288223974775E+00    0.706027709182686891E+02   -0.841159995949039114E+02   -0.111009189815304694E+02    1
    0.164832310979416548E+02    0.111817587183528425E+00    0.425124013383803012E+00    0.269442293668369470E+00    0.226170262198139028E+03   -0.839917240170914852E+02   -0.112009189815304691E+02    1
    0.215060687851828618E+02    0.131407042718632100E+00    0.581593054087549577E+00   -0.110425831263188923E+01    0.522824946784322577E+02   -0.838572503079140148E+02   -0.113009189815304705E+02    1
    0.223608764382344418E+02    0.214806040571845769E+00    0.512185657894043245E+00   -0.813027680398388353E+00    0.912974484352557738E+02   -0.827989523458840893E+02   -0.114009189815304701E+02    1
    0.148498514646632565E+02    0.205368949818885399E+00    0.327196857909911709E+00    0.105910356250503468E+01    0.231301311052654626E+03   -0.825123839883042365E+02   -0.115009189815304698E+02    1
    0.123065972118335836E+02    0.163400299536566734E+00    0.395852334251379057E+00    0.433701268827890840E+00    0.203172372221390390E+03   -0.822573180345526112E+02   -0.116009189815304694E+02    1
    0.929675249931257497E+01    0.201242723299789428E+00    0.321700635567363225E+00    0.119725516410107780E+01    0.815840480976175542E+02   -0.814409297866973105E+02   -0.117009189815304691E+02    1
    0.184283013760972167E+02    0.144508946678050920E+00    0.498942087844044535E+00   -0.528501096719314889E+00    0.108604645603909361E+03   -0.812962663366146359E+02   -0.118009189815304705E+02    1
    0.128674998148848942E+02    0.148948333870489391E+00    0.355147107874074941E+00    0.925389272174487187E+00    0.468657739339702061E+03   -0.811932965147270096E+02   -0.119009189815304701E+02    1
    0.143805780483153356E+02    0.288408306499438494E+00    0.403823244620813981E+00    0.922111087601133889E-01    0.184090941772234913E+03   -0.811412742751461025E+02   -0.120009189815304698E+02    1
    0.161674404854420395E+02    0.195429140844403992E+00    0.533638582785566640E+00   -0.881756482337209491E+00    0.100178496655135135E+03   -0.809709701142192841E+02   -0.121009189815304694E+02    1
    0.103484060596241818E+02    0.184898310880730776E+00    0.311486020910033690E+00    0.141720842196467789E+01    0.471660614012452072E+03   -0.809465487536735964E+02   -0.122009189815304691E+02    1
    0.193783054501606635E+02    0.239905085392547041E+00    0.364919008691510116E+00    0.491133332005356249E+00    0.397069887899111620E+03   -0.809190365429358422E+02   -0.123009189815304705E+02    1
    0.810430997228230154E+01    0.130798476006136061E+00    0.376951761417510467E+00    0.836306678810957549E+00    0.216016043406813594E+03   -0.809165642852777296E+02   -0.124009189815304701E+02    1
    0.171935001300834003E+02    0.203654877795697326E+00    0.339202937273355265E+00    0.887959270894858932E+00    0.388178036512255517E+03   -0.807799331422938565E+02   -0.125009189815304698E+02    1
    0.201109171236028992E+02    0.258202716205312710E+00    0.480571682155003177E+00   -0.568166064127440640E+00    0.696995914411797912E+02   -0.802765658263544140E+02   -0.126009189815304712E+02    1
    0.182386038144132776E+02    0.108780273454857482E+00    0.546635570505100366E+00   -0.790324676077043264E+00    0.766850041418958881E+02   -0.799626569872901882E+02   -0.127009189815304708E+02    1
    0.180580027489278585E+02    0.139373241580432683E+00    0.521288720044621012E+00   -0.658086022995826858E+00    0.813329897710682133E+02   -0.799356535405355260E+02   -0.128009189815304705E+02    1
    0.123809753970218317E+02    0.143692854176663082E+00    0.360051474997358734E+00    0.863430610893170525E+00    0.324870776254339319E+03   -0.799041068973889708E+02   -0.129009189815304701E+02    1
    0.158735182953109444E+02    0.204700939467433840E+00    0.458672062404827996E+00   -0.178756222320915870E+00    0.117006094763353019E+03   -0.793291940661257513E+02   -0.130009189815304698E+02    1
    0.112610181061310097E+02    0.213815265268630789E+00    0.311424253510104887E+00    0.127205396073075638E+01    0.398115537660593077E+03   -0.792706882469589686E+02   -0.131009189815304712E+02    1
    0.108119840016579349E+02    0.221848007381429402E+00    0.316837637261724092E+00    0.128210436735984890E+01    0.461529678058893467E+03   -0.783717782013313382E+02   -0.132009189815304708E+02    1
    0.131133647924339662E+02    0.215861172961853892E+00    0.396875985691653610E+00    0.384203133999421131E+00    0.242671378520299243E+03   -0.782165778071717455E+02   -0.133009189815304705E+02    1
    0.134792623346370455E+02    0.239297679502870869E+00    0.378821326208561016E+00    0.464424330530728624E+00    0.286313061143373830E+03   -0.780122572151447571E+02   -0.134009189815304701E+02    1
    0.946473340931785323E+01    0.106928237988723390E+00    0.519428218744630410E+00   -0.232316110708480905E+00    0.154007420567585811E+02   -0.776363291631781323E+02   -0.135009189815304715E+02    1
    0.145327748377287840E+02    0.239757399481213940E+00    0.541311734020069046E+00   -0.797002240687529451E+00    0.312250023976826441E+02   -0.775596656352733902E+02   -0.136009189815304712E+02    1
    0.144956577121718269E+02    0.274517565138960362E+00    0.454864897001591162E+00   -0.263116331578964691E+00    0.861275865881970049E+02   -0.775556928904719314E+02   -0.137009189815304708E+02    1
    0.712608035152370434E+01    0.231586523910619180E+00    0.355195657176561430E+00    0.908798322771454670E+00    0.312477591298323262E+03   -0.775218751750618225E+02   -0.138009189815304723E+02    1
    0.118351075543090651E+02    0.116783311228749909E+00    0.472026980100381244E+00    0.104482914889711363E-01    0.928951670167792258E+02   -0.774225014148907889E+02   -0.139009189815304701E+02    1
    0.755066676957753202E+01    0.219874338811732045E+00    0.303935038376012157E+00    0.148065217153754958E+01    0.404307909659755012E+03   -0.772941219236020203E+02   -0.140009189815304715E+02    1
    0.153870740403708091E+02    0.284163640594649158E+00    0.390409490497413025E+00    0.253811311092532799E+00    0.196038607495111791E+03   -0.771491919101812158E+02   -0.141009189815304712E+02    1
    0.121708923569346510E+02    0.224701256225517565E+00    0.436627371073344817E+00    0.757074241366776229E-01    0.165865524239945444E+03   -0.771423143691408626E+02   -0.142009189815304708E+02    1
    0.200443837586661751E+02    0.309380443932569693E+00    0.403323833591194003E+00    0.389543976153849392E-01    0.158795919023502989E+03   -0.771326150528081484E+02   -0.143009189815304723E+02    1
    0.956201619506084199E+01    0.221987002176309622E+00    0.313483711296400958E+00    0.130810109959439425E+01    0.369010687228387326E+03   -0.770462198177047526E+02   -0.144009189815304719E+02    1
    0.120257445156916241E+02    0.119429692449284072E+00    0.545002436698973192E+00   -0.442633025857266160E+00    0.604150865207937500E+02   -0.769681773420105060E+02   -0.145009189815304715E+02    1
    0.939347108716695445E+01    0.182990236103935278E+00    0.448903950501005899E+00    0.127627947476542214E+00    0.186168410118519972E+03   -0.766891919326015170E+02   -0.146009189815304712E+02    1
    0.109292518160025764E+02    0.205307609733124979E+00    0.344913336843685303E+00    0.969768407062235882E+00    0.335890947820424913E+03   -0.765953503034344152E+02   -0.147009189815304708E+02    1
    0.106457726257394487E+02    0.150572981655463178E+00    0.462633161736743292E+00    0.814736562358523014E-01    0.145722459263356257E+03   -0.764843673783080931E+02   -0.148009189815304723E+02    1
    0.970225515349446610E+01    0.147265998906993489E+00    0.462348123186691606E+00    0.653374386690704217E-01    0.167869246555479663E+03   -0.764111585280687251E+02   -0.149009189815304719E+02    1
    0.123072797894430899E+02    0.128582512811280164E+00    0.516242665167042536E+00   -0.314516067413239120E+00    0.635434387994489569E+02   -0.763930763775888693E+02   -0.150009189815304715E+02    1
    0.534287207992673885E+01    0.331536599129531984E+00    0.308013963476433172E+00    0.137315231102115387E+01    0.453819960918785341E+03   -0.755482193214487836E+02   -0.151009189815304730E+02    1
    0.846646357996907639E+01    0.267218888661272969E+00    0.352554313160498067E+00    0.825059665198936698E+00    0.311037220028732747E+03   -0.750518401728514704E+02   -0.152009189815304726E+02    1
    0.106061542052284814E+02    0.420254203159149853E+00    0.353573475561083206E+00    0.561102095432505332E+00    0.307034614256333214E+03   -0.750265245195957533E+02   -0.153009189815304723E+02    1
    0.864789081921126268E+01    0.306739246224871254E+00    0.315179393796498952E+00    0.123542099947440320E+01    0.371658947768974826E+03   -0.748638684335973750E+02   -0.154009189815304719E+02    1
    0.885750938693275991E+01    0.138252552799752709E+00    0.495912998919346870E+00   -0.133508640954367375E+00    0.137978004628605902E+03   -0.745030257643947067E+02   -0.155009189815304715E+02    1
    0.113134214395233776E+02    0.302956838074703860E+00    0.378398051741958785E+00    0.477175417771684374E+00    0.307288072015471869E+03   -0.743459992449178912E+02   -0.156009189815304730E+02    1
    0.756608038036698716E+01    0.116070361297736721E+00    0.467605684515767783E+00    0.233731043214288337E+00    0.140687385326058518E+03   -0.742527869398305569E+02   -0.157009189815304726E+02    1
    0.107087668035376655E+02    0.368586164697280783E+00    0.337513649014668127E+00    0.841722705913291902E+00    0.294068199850936367E+03   -0.742406991503804079E+02   -0.158009189815304723E+02    1
    0.123600951618522963E+02    0.288367325978692857E+00    0.369975336183640147E+00    0.568344985870627317E+00    0.243993019468208047E+03   -0.742225508371287788E+02   -0.159009189815304737E+02    1
    0.671074874317469572E+01    0.389824680095032960E+00    0.369302121168109954E+00    0.577795778997047593E+00    0.324845900941490754E+03   -0.740679114311156326E+02   -0.160009189815304715E+02    1
    0.122279969721868049E+02    0.328572825255127710E+00    0.386981769698879707E+00    0.334596974386073331E+00    0.263969910232445102E+03   -0.739429540281345226E+02   -0.161009189815304730E+02    1
    0.723358523499078476E+01    0.186051573899459699E+00    0.496843761565214426E+00   -0.159073905276916783E+00    0.124093712935708709E+03   -0.739125914683603327E+02   -0.162009189815304708E+02    1
    0.111274474876571396E+02    0.199587565854094151E+00    0.545789647902630959E+00   -0.647299252493296229E+00    0.706602314768781810E+02   -0.739005995823448387E+02   -0.163009189815304723E+02    1
    0.825045265323088373E+01    0.157453562361551613E+00    0.500831828038406424E+00   -0.182618808266625632E+00    0.126165776748226563E+03   -0.736357596065743110E+02   -0.164009189815304737E+02    1
    0.980744371270949600E+01    0.148748150101481819E+00    0.578251014851599909E+00   -0.687718331365146707E+00    0.645479521892989396E+02   -0.735628795843225163E+02   -0.165009189815304715E+02    1
    0.750323243852988497E+01    0.178214313981056194E+00    0.493094348831610796E+00   -0.135739778242036396E+00    0.107289831675757085E+03   -0.732184141236833739E+02   -0.166009189815304730E+02    1
    0.796072827531175697E+01    0.106046206007253480E+00    0.539310671781529472E+00   -0.242187798974415780E+00    0.962096455191917528E+02   -0.727873635517462674E+02   -0.167009189815304744E+02    1
    0.929334455005161786E+01    0.323877699433575084E+00    0.331447609717660074E+00    0.987367378322914657E+00    0.357506324455501726E+03   -0.726242212676149563E+02   -0.168009189815304723E+02    1
    0.667655380959650380E+01    0.151491007352025142E+00    0.538253722513630906E+00   -0.342080824858532861E+00    0.103192719338437087E+03   -0.726107054737795039E+02   -0.169009189815304737E+02    1
    0.100492223699830987E+02    0.201121942263311260E+00    0.569532393327648268E+00   -0.753398607314869184E+00    0.556471389053419188E+02   -0.720522896201699297E+02   -0.170009189815304751E+02    1
    0.898843926946598160E+01    0.398319856118625637E+00    0.503884829006016499E+00   -0.577923009844963032E+00    0.763087315278824292E+02   -0.718824696382898196E+02   -0.171009189815304730E+02    1
    0.878654210872971575E+01    0.378938742058643530E+00    0.410652099620818334E+00    0.187694286509766634E+00    0.196224235582614369E+03   -0.717843579594072025E+02   -0.172009189815304744E+02    1
    0.974475100355403256E+01    0.481291735187175440E+00    0.464181053176211778E+00   -0.382411615150883566E+00    0.913627624400217542E+02   -0.717755288366697641E+02   -0.173009189815304723E+02    1
    0.964873899378132194E+01    0.138557266369422200E+00    0.607848618380361638E+00   -0.831728683588769280E+00    0.400410720570854011E+02   -0.717024626622631871E+02   -0.174009189815304737E+02    1
    0.972520959359324522E+01    0.360018564068125546E+00    0.385535400108549475E+00    0.395757360997591068E+00    0.236413818627089881E+03   -0.712063045145527553E+02   -0.175009189815304751E+02    1
    0.663786043978261908E+01    0.200031274744295412E+00    0.584467776408387540E+00   -0.763215876626929135E+00    0.164777046347441356E+02   -0.710703356165166582E+02   -0.176009189815304730E+02    1
    0.930848046028020448E+01    0.282087791477129313E+00    0.518491463538674591E+00   -0.545988230239178418E+00    0.708394217464000775E+02   -0.708423179954922375E+02   -0.177009189815304744E+02    1
    0.756783620654180034E+01    0.471647846819706951E+00    0.454628772826785488E+00   -0.238392850012467100E+00    0.116306055539544559E+03   -0.708392631080284758E+02   -0.178009189815304723E+02    1
    0.791414266616994055E+01    0.115865259856645364E+00    0.649433566206795043E+00   -0.947859916444890427E+00    0.149422271407456222E+02   -0.708293974515397053E+02   -0.179009189815304737E+02    1
    0.785089417018543223E+01    0.115546315731373569E+00    0.615210307515820509E+00   -0.754043475941287844E+00    0.173714986956803230E+02   -0.706762188437957093E+02   -0.180009189815304751E+02    1
    0.615590301105424587E+01    0.154019685326693995E+00    0.567526840428252966E+00   -0.536597208893205391E+00    0.406067316626142514E+02   -0.706705769375944755E+02   -0.181009189815304730E+02    1
    0.948031742630973540E+01    0.335238407961525708E+00    0.529174353657367535E+00   -0.706620858181819411E+00    0.536395751218062244E+02   -0.700723258476513564E+02   -0.182009189815304744E+02    1
    0.608371598118738532E+01    0.145144545221041837E+00    0.573087999697516781E+00   -0.530992905070557852E+00    0.647174359967147836E+02   -0.699150153739624471E+02   -0.183009189815304758E+02    1
    0.814929272946175232E+01    0.228951886407114447E+00    0.573905509416467452E+00   -0.785754449260369192E+00    0.205284641129877770E+02   -0.698066128465102622E+02   -0.184009189815304737E+02    1
    0.695277249181721313E+01    0.139615756050942202E+00    0.560528630001357775E+00   -0.457298947130737043E+00    0.742985176412263542E+02   -0.695036920623879126E+02   -0.185009189815304751E+02    1
    0.691134812033267565E+01    0.123906913545389033E+00    0.629354441045159918E+00   -0.835132308911530896E+00    0.158742808163498736E+02   -0.693610506235971229E+02   -0.186009189815304730E+02    1
    0.746544613991852213E+01    0.161339256761054456E+00    0.561157030159960213E+00   -0.551920356551854785E+00    0.704750874427084000E+02   -0.691711774407966544E+02   -0.187009189815304744E+02    1
    0.852691060298820425E+01    0.151684156911994383E+00    0.569410703524024342E+00   -0.616448848424476115E+00    0.403475832235753202E+02   -0.689876032479693748E+02   -0.188009189815304723E+02    1
    0.728164170979837166E+01    0.148300744170184073E+00    0.560337648756724316E+00   -0.484669554543134651E+00    0.669313369131463958E+02   -0.688868899218998365E+02   -0.189009189815304737E+02    1
    0.852719710229848182E+01    0.148761992490320683E+00    0.587017493787260647E+00   -0.703936917861720968E+00    0.451462429787204371E+02   -0.688241454085215878E+02   -0.190009189815304751E+02    1
    0.602134822878639486E+01    0.119904353678343858E+00    0.604642391323855333E+00   -0.635911015404638569E+00    0.511726025494565420E+02   -0.686712057625729244E+02   -0.191009189815304730E+02    1
    0.613279089784310916E+01    0.105013016882983895E+00    0.603360095527115337E+00   -0.581972547824113340E+00    0.481427132697593620E+02   -0.685912861212667622E+02   -0.192009189815304744E+02    1
    0.666653122049975977E+01    0.108793299101871965E+00    0.640001842001539756E+00   -0.839058554570978221E+00    0.209386410520358552E+02   -0.683698718644249936E+02   -0.193009189815304758E+02    1
    0.690207439294942482E+01    0.121790695053303130E+00    0.584808240352743591E+00   -0.567351918860737214E+00    0.585758622922669687E+02   -0.683130025931275924E+02   -0.194009189815304737E+02    1
    0.803131042734254308E+01    0.158813555545329887E+00    0.581366302269197055E+00   -0.674133548500598367E+00    0.358154296621688033E+02   -0.682926248367140118E+02   -0.195009189815304751E+02    1
    0.893802673589691388E+01    0.419930177489128809E+00    0.381131761149796799E+00    0.395001352284231333E+00    0.218238746338650117E+03   -0.682342686261846865E+02   -0.196009189815304765E+02    1
    0.661061529791857616E+01    0.128169910610283877E+00    0.579988408518112508E+00   -0.529932529472551650E+00    0.510991560239819336E+02   -0.681183357261359532E+02   -0.197009189815304744E+02    1
    0.725365982398654374E+01    0.127075124380739424E+00    0.587089893844085275E+00   -0.593718182959651397E+00    0.438166028091479731E+02   -0.678770576227594518E+02   -0.198009189815304758E+02    1
    0.865242578563097808E+01    0.527024632943264182E+00    0.356347539220854326E+00    0.554765411723581847E+00    0.242400375331906559E+03   -0.678088943790766905E+02   -0.199009189815304737E+02    1
    0.700770674574579644E+01    0.537358888246618926E+00    0.346330700010048564E+00    0.701296207782633907E+00    0.270207994097651010E+03   -0.673392574305227924E+02   -0.200009189815304751E+02    1
    0.794041248237235209E+01    0.544381092507160047E+00    0.353785829462418655E+00    0.588226767155277774E+00    0.246417565997433030E+03   -0.673164734499435724E+02   -0.201009189815304730E+02    1
    0.747183375427921170E+01    0.517972524415786117E+00    0.349223316064038836E+00    0.667860456807357061E+00    0.269302107805774085E+03   -0.672530147332824981E+02   -0.202009189815304744E+02    1
    0.928762407837023574E+01    0.461767457657474789E+00    0.389746549552779098E+00    0.265382965209713662E+00    0.193561529641304105E+03   -0.671547847570321181E+02   -0.203009189815304758E+02    1
    0.869289499691456768E+01    0.507976232634338110E+00    0.359671480468654436E+00    0.536391507484333285E+00    0.241798775292651669E+03   -0.669470466157451085E+02   -0.204009189815304737E+02    1
    0.892704463410131233E+01    0.512760265076194988E+00    0.391320632042937544E+00    0.223702516214673047E+00    0.194576298644920172E+03   -0.667652989134914208E+02   -0.205009189815304751E+02    1
    0.813368242097650374E+01    0.581702806438384012E+00    0.377966422757531173E+00    0.323478362201819691E+00    0.215376797974896704E+03   -0.667603681295023534E+02   -0.206009189815304730E+02    1
    0.930601820242747024E+01    0.497592824982783788E+00    0.365686222335475708E+00    0.468001714597658380E+00    0.215677510957878781E+03   -0.666980578399354016E+02   -0.207009189815304744E+02    1
    0.845631453549426304E+01    0.499498294300778023E+00    0.390190727909372648E+00    0.258649110457960019E+00    0.202482631271136427E+03   -0.666948476028780988E+02   -0.208009189815304758E+02    1
    0.896665234489970686E+01    0.531824630657106168E+00    0.368672458905497380E+00    0.409288073692650800E+00    0.229315959923200296E+03   -0.665786509346154247E+02   -0.209009189815304737E+02    1
    0.865267224120963441E+01    0.552836214219586397E+00    0.386807672910977451E+00    0.261884073966737185E+00    0.183837230989075692E+03   -0.663321904912305769E+02   -0.210009189815304751E+02    1
    0.798240604072302862E+01    0.511358984141107809E+00    0.360802281434249916E+00    0.528928075107081952E+00    0.256920799206712445E+03   -0.663208951066633858E+02   -0.211009189815304765E+02    1
    0.909990127702149110E+01    0.484079755273921331E+00    0.369123280100813411E+00    0.456823605471744609E+00    0.214135791102881058E+03   -0.662879536136577059E+02   -0.212009189815304744E+02    1
    0.715217361580046695E+01    0.504936643145033504E+00    0.349831074784821783E+00    0.693997890653545446E+00    0.255432869778584518E+03   -0.661718634053176089E+02   -0.213009189815304758E+02    1
    0.739167905133227343E+01    0.506313077046782078E+00    0.351597836872575620E+00    0.666869973487020928E+00    0.251397273214737766E+03   -0.661509941599858706E+02   -0.214009189815304772E+02    1
    0.715820004242616381E+01    0.567788847905398408E+00    0.374919829756666823E+00    0.383926747224946796E+00    0.240215913349364541E+03   -0.660433809864621963E+02   -0.215009189815304751E+02    1
    0.749778000288801127E+01    0.579062215620079535E+00    0.361695870249235385E+00    0.504563273968193449E+00    0.235715046486781489E+03   -0.658546727564635006E+02   -0.216009189815304765E+02    1
    0.809086894446450344E+01    0.491765397339672727E+00    0.363411710977489755E+00    0.527849008364322692E+00    0.236824854425930198E+03   -0.657923703698648268E+02   -0.217009189815304779E+02    1
    0.884713192939647008E+01    0.546684522857270094E+00    0.378927008714975755E+00    0.333275190429058787E+00    0.188149821234247668E+03   -0.656884649712597906E+02   -0.218009189815304758E+02    1
    0.748507604585618402E+01    0.592300649808669810E+00    0.378156967125951704E+00    0.346211518887888647E+00    0.202624036337835662E+03   -0.656604172909397477E+02   -0.219009189815304772E+02    1
    0.788912386524801512E+01    0.491854619641923840E+00    0.383798845116874399E+00    0.357332984273799059E+00    0.194131797580072828E+03   -0.655706396532794002E+02   -0.220009189815304751E+02    1
    0.796079949796627417E+01    0.511283673123684057E+00    0.385451098724850116E+00    0.355964495237198086E+00    0.166449609092854757E+03   -0.655689375223844308E+02   -0.221009189815304765E+02    1
    0.793973004689895401E+01    0.520927602981996807E+00    0.376574750454041152E+00    0.374309595668188333E+00    0.226556534466656444E+03   -0.654762142373408977E+02   -0.222009189815304779E+02    1
    0.738663429613576206E+01    0.544268008495237599E+00    0.381420878017956877E+00    0.407117954971089158E+00    0.159952798052988754E+03   -0.654716163210993471E+02   -0.223009189815304758E+02    1
