    0.105674578959436154E+02    0.128967391514628069E+02    0.184454194411553685E+01   -0.120028823027921461E+01    0.938600301258997661E+03   -0.365794498415943866E+74   -0.230091898153046470E+01    1
    0.127731299312818991E+01    0.142657332223671300E+02    0.280499420616999340E+00    0.266807922510248163E+01    0.716781680944517120E+03   -0.255499969792164184E+71   -0.240091898153046435E+01    1
    0.791779530465757908E+01    0.634747072273562907E+01    0.142445292602186346E+01   -0.470296820882027422E+01    0.406064165430261426E+03   -0.302072855507742334E+37   -0.250091898153046444E+01    1
    0.208537215845289872E+02    0.511738108272825265E+01    0.164308781164344375E+01    0.105551649627840338E+01    0.407049796406724283E+03   -0.152874019658431662E+36   -0.260091898153046497E+01    1
    0.340543162201801630E+01    0.590256802219987353E+01    0.325410963830468969E+00    0.204550446924402118E+01    0.217528466231554717E+03   -0.143651238420735451E+29   -0.270091898153046506E+01    1
    0.238346895400725955E+02    0.361424390498959003E+01    0.102848070113971324E+01   -0.163220265721662317E+00    0.204684833854136457E+03   -0.230238107970128609E+25   -0.280091898153046470E+01    1
    0.374664797692259270E+02    0.372678183002302177E+01    0.131166655550996269E+00    0.389068818856129317E+00    0.139036359542932337E+04   -0.558805336863546481E+24   -0.290091898153046479E+01    1
    0.139942474866801625E+02    0.223952069553489741E+01    0.221407230719972326E+01    0.167249071851315456E+01    0.739596325766331233E+03   -0.158862918721858731E+23   -0.300091898153046532E+01    1
    0.253014907153880593E+02    0.286715826391297446E+01    0.107165768471598075E+00    0.197696391487624723E+01    0.242612565625631760E+03   -0.104975573385933189E+20   -0.310091898153046586E+01    1
    0.278283511813536037E+02    0.226042734798362721E+01    0.923775330778789372E+00   -0.169158413300330412E+01    0.129663212418239777E+04   -0.168728485342982976E+18   -0.320091898153046506E+01    1
    0.342566543926720257E+00    0.242973643541598783E+01    0.252739550110248068E+00   -0.274600466833383194E+01    0.135013120628096499E+04   -0.688244547161054640E+17   -0.330091898153046515E+01    1
    0.273545550073866046E+02    0.189457083036831353E+01    0.603187501790904634E+00    0.856889161534116206E+00    0.118650867886406127E+04   -0.756713406364456500E+15   -0.340091898153046479E+01    1
    0.387442933070764610E+02    0.179090465476685112E+00    0.269416713866305457E+01    0.333516654897565523E+01    0.125723815945152228E+04   -0.168597832332956156E+15   -0.350091898153046488E+01    1
    0.314004416539074072E+00    0.906450845936440208E+00    0.292288155207848366E+01    0.456664418150429707E+01    0.118802376989482559E+04   -0.135942097850715703E+15   -0.360091898153046541E+01    1
    0.603514673816454632E+02    0.140764150217362283E+01    0.821835226716416289E+00    0.905650506359135909E+00    0.146933684882818568E+03   -0.326850721890891758E+14   -0.370091898153046506E+01    1
    0.159241795973396023E+02    0.935448127267675900E+00    0.131762500794975257E+00    0.267814042979930056E+01    0.100615487352980165E+04   -0.310783611114671648E+09   -0.380091898153046559E+01    1
    0.465292065821275145E+02    0.689595283477463239E+00    0.723060789798112946E+00   -0.123728496428888515E+00    0.215661816578908315E+03   -0.956456328428816050E+08   -0.390091898153046568E+01    1
    0.109445122145275899E+02    0.137465794105278594E+01    0.774860955250304961E+00   -0.436514895955934357E+01    0.105776011114657217E+04   -0.226877136404717416E+08   -0.400091898153046532E+01    1
    0.635561544001948420E+01    0.198293795341507789E+00    0.612623285885037852E-01    0.447052835428707773E+01    0.288283522317004667E+03   -0.137387698399241399E+08   -0.410091898153046586E+01    1
    0.453674047808901264E+02    0.948179689315185481E+00    0.800201567715069007E+00   -0.275459724166788877E+01    0.153445958517504778E+03   -0.751279977765431255E+07   -0.420091898153046550E+01    1
    0.147724057261085129E+02    0.112721604999851022E+01    0.447430188361462922E+00    0.436358133399140091E+00    0.432190721680221884E+03   -0.128418018943833234E+07   -0.430091898153046603E+01    1
    0.321307465591823771E+02    0.788452777688542272E+00    0.819344712822744903E+00   -0.393485140407858136E+01    0.658370334644244736E+03   -0.121742716536350036E+07   -0.440091898153046568E+01    1
    0.638806585200275094E+02    0.789560770607287243E+00    0.767872151715178752E+00   -0.298168045554564998E+01    0.146113743157187088E+03   -0.463679932926775771E+06   -0.450091898153046621E+01    1
    0.136911393650905975E+02    0.101552771066714231E+01    0.504297009326896806E+00   -0.771882550076096852E+00    0.909838597875942696E+03   -0.256137299111687724E+06   -0.460091898153046674E+01    1
    0.408125388018148172E+01    0.724497372853079136E+00    0.118270917723150223E+00    0.347222427987621618E+01    0.959406708569480202E+03   -0.115369817924230083E+06   -0.470091898153046639E+01    1
    0.127583889505559944E+01    0.169244063569024938E+00    0.129064565836359324E+01   -0.269247523893412755E+01    0.520903721341540177E+03   -0.110450592625792415E+06   -0.480091898153046603E+01    1
    0.410301112657942610E+02    0.953401405113842748E+00    0.448169331060832232E+00   -0.314225047213581554E+01    0.102612270654313124E+04   -0.972836180172723980E+05   -0.490091898153046657E+01    1
    0.142772347345889141E+02    0.151806996852904247E+00    0.167380577540634706E+00    0.251890712476662237E+01    0.790078340587398884E+03   -0.587754164026459548E+05   -0.500091898153046621E+01    1
    0.976793846259353948E+00    0.198370002975366999E+00    0.297153013250997355E+00    0.109950703165902275E+01    0.129073899508284285E+04   -0.301130163725713064E+05   -0.510091898153046674E+01    1
    0.932951727933206243E+01    0.269767156864391677E+00    0.607270916502684832E+00   -0.116666647981824112E+01    0.138458481493073828E+04   -0.869824359300819742E+04   -0.520091898153046639E+01    1
    0.111950526607840910E+02    0.390252406599403856E+00    0.478952076515893999E+00   -0.159531809910262545E+01    0.466870840283658538E+03   -0.691874227232776229E+04   -0.530091898153046692E+01    1
    0.316807853938104991E+02    0.378862586833896953E+00    0.455524475195253353E+00   -0.176416507662861699E+01    0.270563230243963517E+03   -0.584280782739077767E+04   -0.540091898153046657E+01    1
    0.486799106130692536E+02    0.394074017133334842E+00    0.541304991339142560E+00   -0.132674590657614666E+01    0.884787937970052440E+03   -0.537536970691541410E+04   -0.550091898153046710E+01    1
    0.572942435833133246E+01    0.741210588538377402E+00    0.414270786384345113E+00   -0.908722537862106883E+00    0.609808590759274807E+03   -0.316360490814071727E+04   -0.560091898153046674E+01    1
    0.349235339718323559E+02    0.651906956954079519E+00    0.382246297541938174E+00   -0.106692436430551085E+01    0.758434446638876580E+03   -0.248877297741497023E+04   -0.570091898153046639E+01    1
    0.652800614620391073E+01    0.129474128858924464E+01    0.331631116568905260E+00    0.403850249996689559E+00    0.710017561548955882E+03   -0.173674538533838745E+04   -0.580091898153046692E+01    1
    0.991345768933232705E+02    0.461366469993326589E+00    0.516008732646908497E+00   -0.290804560251771083E+01    0.189239240552656895E+03   -0.172034662617123377E+04   -0.590091898153046746E+01    1
    0.444770217425378007E+02    0.156645270212351501E+00    0.489550618348161160E+00   -0.170034493355146621E+01    0.320987537413795280E+03   -0.167513336660896221E+04   -0.600091898153046710E+01    1
    0.213269781404411418E+02    0.436420611424411131E+00    0.326444038370166834E+00    0.779386474295903492E-01    0.555897224693056614E+03   -0.138909936706306462E+04   -0.610091898153046763E+01    1
    0.319994410975707240E+02    0.984211524175011343E+00    0.616481809073507359E+00   -0.366661450314541870E+01    0.163751472717572142E+03   -0.112426793303375689E+04   -0.620091898153046728E+01    1
    0.107658425368544268E+02    0.395027006841485728E+00    0.249779338178890448E+00    0.136403661395457365E+01    0.102406146583796476E+04   -0.720160597328270796E+03   -0.630091898153046603E+01    1
    0.113521261756766556E+02    0.891000129443942246E+00    0.344496367209716658E+00   -0.851444425048377695E-01    0.102224841620162931E+04   -0.711776771772910820E+03   -0.640091898153046657E+01    1
    0.168184929858168104E+02    0.969040088493128726E+00    0.513277165155900050E+00   -0.210759049956236888E+01    0.243196889352742630E+03   -0.676592224466024732E+03   -0.650091898153046799E+01    1
    0.373749668776476840E+01    0.780792764484003032E+00    0.295215623642230751E+00    0.948694468679430747E+00    0.190672188903577853E+04   -0.668948001961469799E+03   -0.660091898153046763E+01    1
    0.182802305422309956E+02    0.188345311407445926E+00    0.324910248483535224E+00    0.196828054198606228E+01    0.992377615251197767E+03   -0.498619015612282396E+03   -0.670091898153046817E+01    1
    0.270476568290801360E+02    0.218710689111983186E+00    0.430192691295062324E+00   -0.335645490344660513E+00    0.957204098927472614E+03   -0.487245443976254876E+03   -0.680091898153046692E+01    1
    0.420030112152892521E+01    0.329602935959334542E+00    0.375244225478516713E+00    0.113501719377795829E+01    0.108683444998618188E+04   -0.454463848884949243E+03   -0.690091898153046746E+01    1
    0.270190678139629803E+02    0.355364447992114141E+00    0.475547029221212558E+00   -0.636504739125198671E+00    0.520705048397178757E+03   -0.421357562554781850E+03   -0.700091898153046710E+01    1
    0.104158348232567626E+02    0.444431854139328397E+00    0.472451399108325121E+00   -0.359321909688166630E+00    0.464284580873131119E+03   -0.378664062068739668E+03   -0.710091898153046674E+01    1
    0.365914972679846073E+02    0.241476643526876367E+00    0.444982828656400542E+00   -0.939029721932257533E+00    0.145037231779573062E+03   -0.359582605804076138E+03   -0.720091898153046728E+01    1
    0.275237995608506836E+02    0.646057887120792596E+00    0.434859119074160250E+00   -0.125868416676146966E+01    0.156493840697199460E+03   -0.325544964349978045E+03   -0.730091898153046781E+01    1
    0.651293736676175250E+01    0.153695321590157113E+00    0.349843734292996533E+00    0.205352413135996725E+01    0.657942084843772022E+03   -0.240197306020246600E+03   -0.740091898153046834E+01    1
    0.198835916625108986E+02    0.306743440468261019E+00    0.457846225827027831E+00   -0.583162475887712750E+00    0.477131327891064245E+03   -0.232685334521020621E+03   -0.750091898153046799E+01    1
    0.946376376875108427E+01    0.217692380113163053E+00    0.425556970237327803E+00    0.783727732810612809E+00    0.471765220476743821E+03   -0.192113831784850163E+03   -0.760091898153046852E+01    1
    0.447469173277585242E+02    0.160261830532013816E+00    0.580661388151014535E+00   -0.194978294098571903E+01    0.265685272793488934E+03   -0.186891165812615725E+03   -0.770091898153046639E+01    1
    0.702729363364769810E+01    0.704565474006336401E+00    0.396996697946408128E+00    0.161093070218962631E+00    0.351181791274364002E+03   -0.159117642711230786E+03   -0.780091898153046781E+01    1
    0.130182629760445963E+02    0.301741595585170663E+00    0.433895653032399131E+00    0.553376953715166084E-02    0.390495862300412568E+03   -0.124370578805806304E+03   -0.790091898153046834E+01    1
    0.940060790584218751E+02    0.189120353268558222E+00    0.661221147708396795E+00   -0.301425216735325074E+01    0.134746153625325690E+03   -0.116402731606742847E+03   -0.800091898153046799E+01    1
    0.321410625959314711E+01    0.214390084988148988E+00    0.437423690762660966E+00    0.792377743747449736E+00    0.397510656604898202E+03   -0.114152708273942977E+03   -0.810091898153046763E+01    1
    0.173893470687974414E+02    0.261414712632490942E+00    0.321428645719560924E+00    0.100479326363174604E+01    0.886811263902776432E+03   -0.110024242325387064E+03   -0.820091898153046728E+01    1
    0.129642075934298209E+02    0.327429063451116165E+00    0.413016714991373157E+00   -0.406541971645904207E-03    0.146341303198352335E+03   -0.881644750813856319E+02   -0.830091898153046870E+01    1
    0.253691520086808460E+02    0.169018090739687626E+00    0.497050045739326929E+00   -0.676735923064843092E+00    0.223978737691122717E+03   -0.870632450508491615E+02   -0.840091898153046834E+01    1
    0.359115671374970447E+02    0.184323106755892863E+00    0.727502006945918933E+00   -0.247268392923408165E+01    0.562999790847125112E+02   -0.792068714336251531E+02   -0.850091898153046799E+01    1
    0.114322910605111439E+02    0.198028479258426260E+00    0.347659118261494426E+00    0.148359864042986311E+01    0.356589617996812365E+03   -0.776883134042365811E+02   -0.860091898153046763E+01    1
    0.404027570910720879E+01    0.260288520653502387E+00    0.513705774289608286E+00   -0.140776942951870182E+00    0.111405616101070862E+03   -0.715913955291096187E+02   -0.870091898153046728E+01    1
    0.149041442992056314E+02    0.402977112944963356E+00    0.303343854789862755E+00    0.889622101851790914E+00    0.239977522540979351E+03   -0.695159373422417701E+02   -0.880091898153046870E+01    1
    0.110260802801459921E+02    0.403898854025584064E+00    0.383186941502649370E+00    0.339603197707492088E+00    0.631874541082294030E+02   -0.640727430808001799E+02   -0.890091898153046834E+01    1
    0.208097772982269369E+02    0.224888602958247974E+00    0.351549591988719934E+00    0.661087178381447482E+00    0.257460335560251963E+03   -0.604999266049564568E+02   -0.900091898153046799E+01    1
    0.206369391676904499E+02    0.180171153777150234E+00    0.239511416982322728E+00    0.211398013277580699E+01    0.508969059594418070E+03   -0.591425279353034696E+02   -0.910091898153046941E+01    1
    0.521995966728248995E+01    0.833678171415190961E+00    0.481349281862092360E+00   -0.609521791820582082E+00    0.670092276659123343E+02   -0.584771536962617233E+02   -0.920091898153046905E+01    1
    0.154802871191354523E+02    0.160198345404497983E+00    0.356023537396677081E+00    0.845810045654116438E+00    0.229656809225984716E+03   -0.577537906622995223E+02   -0.930091898153046870E+01    1
    0.316028510413897834E+01    0.229395672988693344E+00    0.428447262182284017E+00    0.813677070999537566E+00    0.119198475259737961E+03   -0.565849971973869472E+02   -0.940091898153046834E+01    1
    0.142483024971675114E+02    0.469334910014629125E+00    0.331825953659332651E+00    0.683386397822347780E+00    0.336098530050425268E+03   -0.564762269404638033E+02   -0.950091898153046799E+01    1
    0.118225488690028868E+02    0.337117098278535032E+00    0.505310138524333818E+00   -0.497361779718605956E+00    0.104206071085263289E+03   -0.557083747645202649E+02   -0.960091898153046941E+01    1
    0.460507697435400232E+01    0.657274204310299037E+00    0.317638758627226736E+00    0.119049292962246378E+01    0.304490794793435839E+03   -0.545642344057500708E+02   -0.970091898153046905E+01    1
    0.390201019457796594E+01    0.276044829530589675E+00    0.387538563344466847E+00    0.947253922860933906E+00    0.113877929395043608E+03   -0.538889378596830326E+02   -0.980091898153046870E+01    1
    0.614693498513299730E+01    0.220030711802244788E+00    0.432777122047055596E+00    0.468158593392157374E+00    0.129816986660243685E+03   -0.534089923190073961E+02   -0.990091898153046834E+01    1
    0.243577852039221021E+01    0.118086442370212619E+01    0.404181777861220004E+00    0.214924921460452438E-01    0.664858881845975702E+01   -0.522608656023043352E+02   -0.100009189815304698E+02    1
    0.854588471107157943E+01    0.269812650695891221E+00    0.394850638768465823E+00    0.654782208994156623E+00    0.117085577737841817E+03   -0.516322978769603154E+02   -0.101009189815304694E+02    1
    0.175906096489265771E+02    0.273512187359312209E+00    0.294735552533613665E+00    0.130944593656744157E+01    0.395487454021862277E+03   -0.508013845772540549E+02   -0.102009189815304691E+02    1
    0.566971044518779088E+01    0.687799314382459004E+00    0.296254466375585446E+00    0.129529416048042290E+01    0.357429103408345270E+03   -0.501324231262540607E+02   -0.103009189815304687E+02    1
    0.208630063064746274E+02    0.301689445602480733E+00    0.275683151271961357E+00    0.130033233306013707E+01    0.424779462421513244E+03   -0.497139948422539035E+02   -0.104009189815304683E+02    1
    0.252619377266862735E+02    0.176578226738234562E+00    0.285433131164240184E+00    0.127033346665341895E+01    0.491568988805790923E+03   -0.496645600194778822E+02   -0.105009189815304680E+02    1
    0.623287739467154367E+01    0.499155363015957143E+00    0.269328920212180911E+00    0.173664542968571367E+01    0.420791997756285866E+03   -0.493577158914462899E+02   -0.106009189815304694E+02    1
    0.620108558319100212E+01    0.185203737679468905E+00    0.621382494902397275E+00   -0.352921396302886548E+00    0.254460296729946052E+02   -0.484213106101140269E+02   -0.107009189815304691E+02    1
    0.150465904622276607E+02    0.402294417784478608E+00    0.294623292309162677E+00    0.123005166934162835E+01    0.400037541287680369E+03   -0.483151423044003963E+02   -0.108009189815304687E+02    1
    0.872620407130808218E+01    0.823336163544565958E+00    0.287355529223884132E+00    0.114052769256542863E+01    0.316479298126332196E+03   -0.474640772889067151E+02   -0.109009189815304701E+02    1
    0.364636766804791890E+01    0.229492875998911799E+00    0.637735773873722489E+00   -0.679595365162156795E+00    0.464941610318762741E+02   -0.470337020796623904E+02   -0.110009189815304698E+02    1
    0.550087903579699677E+01    0.326230859564874076E+00    0.539572141547503104E+00   -0.261485796976080875E+00    0.752337046771881433E+02   -0.470252491068427290E+02   -0.111009189815304694E+02    1
    0.758486433126177761E+01    0.512136076669284179E+00    0.322155072163942013E+00    0.103838325414177479E+01    0.196790673415577260E+03   -0.468903813447006925E+02   -0.112009189815304691E+02    1
    0.626576597222657661E+01    0.156903503583945197E+00    0.648872694154695839E+00   -0.566856994877503961E+00    0.214754411446534803E+02   -0.467376561897195018E+02   -0.113009189815304705E+02    1
    0.141807297932182053E+02    0.259333651040495050E+00    0.249293065773729866E+00    0.184766007505922869E+01    0.428287304264368345E+03   -0.462059287408070887E+02   -0.114009189815304701E+02    1
    0.196797787022553123E+02    0.292374754491309952E+00    0.280319699713855897E+00    0.131859448010103941E+01    0.398580326324312068E+03   -0.454134744317390826E+02   -0.115009189815304698E+02    1
    0.753743082829554556E+01    0.249486099131980166E+00    0.587928087144274247E+00   -0.672819414709471042E+00    0.315801153247071014E+02   -0.454118457820958668E+02   -0.116009189815304694E+02    1
    0.118732712193097338E+02    0.548709745986398545E+00    0.315624642695250479E+00    0.832367429128463399E+00    0.200653778647193462E+03   -0.446301686060461904E+02   -0.117009189815304691E+02    1
    0.734660566297275253E+01    0.573123936805865375E+00    0.317077814106658418E+00    0.974041928378111432E+00    0.172589891127495122E+03   -0.442353064593063579E+02   -0.118009189815304705E+02    1
    0.899955817893338406E+01    0.503608601490550978E+00    0.262052937174518719E+00    0.152242364709140188E+01    0.266951577802112183E+03   -0.441370372988072290E+02   -0.119009189815304701E+02    1
    0.971659716712527555E+01    0.817092885824860948E+00    0.319381585611915320E+00    0.754083799535748001E+00    0.201127559764161845E+03   -0.440713824211955938E+02   -0.120009189815304698E+02    1
    0.201590367168467921E+02    0.719542608375174808E+00    0.340556074246701257E+00    0.259715607181153996E+00    0.112906105640418446E+03   -0.440552735671049120E+02   -0.121009189815304694E+02    1
    0.702488161765522801E+01    0.580256206093575311E+00    0.286925608228889795E+00    0.136653237212678924E+01    0.364078682001957986E+03   -0.436841905248048192E+02   -0.122009189815304691E+02    1
    0.444793221367651270E+01    0.752410628336413589E+00    0.287343830021323743E+00    0.138760692220371240E+01    0.268367297268297193E+03   -0.435842226419698875E+02   -0.123009189815304705E+02    1
    0.826035690091982744E+01    0.427923170777699480E+00    0.277350474201429775E+00    0.153415391922201660E+01    0.371318971018538832E+03   -0.435666836577350196E+02   -0.124009189815304701E+02    1
    0.168928557705033313E+02    0.581235606721693943E+00    0.312947336250105457E+00    0.756486466928789181E+00    0.189185724362904466E+03   -0.434962151604803466E+02   -0.125009189815304698E+02    1
    0.114855679264679882E+02    0.728766850491645912E+00    0.312198047339029172E+00    0.858377414085417345E+00    0.200825050290425452E+03   -0.433970231385417549E+02   -0.126009189815304712E+02    1
    0.118553761945041050E+02    0.308276580163977298E+00    0.255674931851755494E+00    0.168559666320325507E+01    0.346652901136075798E+03   -0.428628519504399463E+02   -0.127009189815304708E+02    1
    0.129271827684606464E+02    0.261303452987711571E+00    0.257616425196231902E+00    0.169369457038304083E+01    0.387731733009061486E+03   -0.426322173365755148E+02   -0.128009189815304705E+02    1
    0.119882391072785257E+02    0.504425501975740320E+00    0.292261776111747529E+00    0.117158458458806769E+01    0.275287762324363769E+03   -0.419238524747627537E+02   -0.129009189815304701E+02    1
    0.838035878417364444E+01    0.385121040778216017E+00    0.276246887337433633E+00    0.145424759458983721E+01    0.354534214777518059E+03   -0.418231184892196168E+02   -0.130009189815304698E+02    1
    0.116783167223030109E+02    0.705173500172690648E+00    0.301974381454705343E+00    0.944265229397883821E+00    0.223475490358338106E+03   -0.416726711262112914E+02   -0.131009189815304712E+02    1
    0.399065243943279091E+01    0.521820297604218886E+00    0.273774976150418015E+00    0.155720927782796559E+01    0.370196426748191698E+03   -0.411223433092496791E+02   -0.132009189815304708E+02    1
    0.768317019281774360E+01    0.472133309173784987E+00    0.258790437424578856E+00    0.159921407640211366E+01    0.323154725304236138E+03   -0.410236529697342007E+02   -0.133009189815304705E+02    1
    0.508610709502567282E+01    0.859943640866489001E+00    0.292568774616936200E+00    0.120511296638885290E+01    0.208961624873529956E+03   -0.406580617928790815E+02   -0.134009189815304701E+02    1
    0.889326637498418293E+01    0.663217218827475419E+00    0.309798151459930837E+00    0.933940421993167957E+00    0.225973760913019419E+03   -0.406466463147940900E+02   -0.135009189815304715E+02    1
    0.105974858225976476E+02    0.581936658159048603E+00    0.287338532048788620E+00    0.117850494079494905E+01    0.230373527580083419E+03   -0.404742049699254878E+02   -0.136009189815304712E+02    1
    0.862554682613366097E+01    0.588494888247012349E+00    0.295134864006560860E+00    0.110773094259141036E+01    0.202090359723202937E+03   -0.398622354260809502E+02   -0.137009189815304708E+02    1
    0.438214515502296642E+01    0.613606114414020132E+00    0.280855045066912778E+00    0.145781215226832428E+01    0.344415699312885806E+03   -0.397717722293325124E+02   -0.138009189815304723E+02    1
    0.113791170160019472E+02    0.789053592335589138E+00    0.324329012752076429E+00    0.554253712126233200E+00    0.134069242847969008E+03   -0.396877187723060700E+02   -0.139009189815304701E+02    1
    0.782200278751207012E+01    0.610818617807620035E+00    0.295309164060503115E+00    0.110850115448826814E+01    0.207539575474340950E+03   -0.392074827078834502E+02   -0.140009189815304715E+02    1
    0.791424489321444291E+01    0.859150346798600806E+00    0.301825113718827698E+00    0.880021509246701639E+00    0.192794338251525971E+03   -0.391824459015637458E+02   -0.141009189815304712E+02    1
    0.504261083562468748E+01    0.683400197200206505E+00    0.288081399747693478E+00    0.130939958469519180E+01    0.310455309292355082E+03   -0.391520116229245403E+02   -0.142009189815304708E+02    1
    0.714894021028029325E+01    0.467390130124610836E+00    0.269518157547759207E+00    0.155701453867446937E+01    0.339420176999402997E+03   -0.387554888470950516E+02   -0.143009189815304723E+02    1
    0.299752807151894274E+01    0.732096371893991349E+00    0.266604525682391902E+00    0.153790855930071624E+01    0.265278388821353985E+03   -0.384753497784142695E+02   -0.144009189815304719E+02    1
    0.533286758082090095E+01    0.379075581767567560E+00    0.257417562258310473E+00    0.177167310703607561E+01    0.430219036524241972E+03   -0.383901312492243747E+02   -0.145009189815304715E+02    1
    0.751219658964815107E+01    0.500403437594174161E+00    0.266909395367779745E+00    0.152314504721342114E+01    0.319218609769996590E+03   -0.383714487254067933E+02   -0.146009189815304712E+02    1
    0.840513775885412784E+01    0.802329375323789895E+00    0.311808912787027936E+00    0.791836883941386849E+00    0.203315321435673752E+03   -0.383482264061608475E+02   -0.147009189815304708E+02    1
    0.781804187488291369E+01    0.971520249714226680E+00    0.327731996002730008E+00    0.550073574326450099E+00    0.816607247884312670E+02   -0.378192415295122046E+02   -0.148009189815304723E+02    1
    0.311512750910234004E+01    0.778284854967376649E+00    0.267826322778688120E+00    0.152921102177171964E+01    0.299937822926132583E+03   -0.376693594475281941E+02   -0.149009189815304719E+02    1
    0.520158481268269668E+01    0.673079979831687436E+00    0.276394618966106009E+00    0.132742610291521679E+01    0.276045928471794980E+03   -0.375556609170005373E+02   -0.150009189815304715E+02    1
    0.503772961139813624E+01    0.368952712674345651E+00    0.243911107209876049E+00    0.191013331077077653E+01    0.418241878891138867E+03   -0.374410234064313130E+02   -0.151009189815304730E+02    1
    0.552005549361539316E+01    0.471255988114607061E+00    0.261470317019850018E+00    0.167162546172467863E+01    0.332916403108541090E+03   -0.373280608098516922E+02   -0.152009189815304726E+02    1
    0.658993930378365977E+01    0.798870829354192291E+00    0.308513870375842769E+00    0.894265611592753751E+00    0.110904031942990329E+03   -0.372356785084354485E+02   -0.153009189815304723E+02    1
    0.392278194436775474E+01    0.550177341521868146E+00    0.259490352351923637E+00    0.168882202528547021E+01    0.352453725387048507E+03   -0.372045692688998315E+02   -0.154009189815304719E+02    1
    0.291382041124470437E+01    0.111308845346893404E+01    0.298198588678093179E+00    0.914138560784510834E+00    0.165149574854666355E+03   -0.369481000107821913E+02   -0.155009189815304715E+02    1
    0.662120551259537926E+01    0.103268106670186399E+01    0.323484831647046889E+00    0.557416282507702032E+00    0.136191779239999988E+03   -0.367220718701993931E+02   -0.156009189815304730E+02    1
    0.531734660553726979E+01    0.652225774300303707E+00    0.273694089391500528E+00    0.145126882592369322E+01    0.301489162654241568E+03   -0.365427933265481641E+02   -0.157009189815304726E+02    1
    0.567788392409311449E+01    0.632726174820395171E+00    0.278132381584910104E+00    0.137676834776978341E+01    0.293713130058338606E+03   -0.364495660897022375E+02   -0.158009189815304723E+02    1
    0.403137650332859998E+01    0.931106498545507755E+00    0.294961049102226924E+00    0.983606595524637584E+00    0.161997076510150862E+03   -0.364139161105481364E+02   -0.159009189815304737E+02    1
    0.441109452213372766E+01    0.891449888250570033E+00    0.295288423765116048E+00    0.100908226201379203E+01    0.103273306462489728E+03   -0.363915881421080343E+02   -0.160009189815304715E+02    1
    0.416594555842607583E+01    0.707238405094825939E+00    0.276228705021045018E+00    0.143544566516160055E+01    0.273929121113609824E+03   -0.362321482174618836E+02   -0.161009189815304730E+02    1
    0.482732875814626716E+01    0.801037850754058089E+00    0.293034267210080024E+00    0.107066543983609863E+01    0.164938821747372629E+03   -0.362307716243716911E+02   -0.162009189815304708E+02    1
    0.580279071974690730E+01    0.851984873995974668E+00    0.302939005469174572E+00    0.953623338982451552E+00    0.204750155949660837E+03   -0.359022248249102347E+02   -0.163009189815304723E+02    1
    0.497701903488645492E+01    0.112551185347750238E+01    0.321720997743364490E+00    0.557823556415009580E+00    0.133861359068900242E+03   -0.357145663831496876E+02   -0.164009189815304737E+02    1
    0.490998709101347863E+01    0.790865642922685907E+00    0.289998675011152007E+00    0.119004369324632453E+01    0.181347715239002127E+03   -0.354854168102923637E+02   -0.165009189815304715E+02    1
    0.445517098239284515E+01    0.961731346784083896E+00    0.297305617919491783E+00    0.102426610971365095E+01    0.181273737223247849E+03   -0.353170050156776512E+02   -0.166009189815304730E+02    1
    0.412636299547157392E+01    0.106585291645271263E+01    0.303114027887160964E+00    0.866137319445202225E+00    0.159833756966942587E+03   -0.351387380178805344E+02   -0.167009189815304744E+02    1
    0.394343987258518069E+01    0.116627512985782089E+01    0.317957302232382333E+00    0.569279413254528022E+00    0.118210298155555193E+03   -0.350703188317949568E+02   -0.168009189815304723E+02    1
    0.521084021710589251E+01    0.136647207595265407E+01    0.357264388969836977E+00    0.433442667817202695E-02    0.301223241441486991E+02   -0.348240044536014466E+02   -0.169009189815304737E+02    1
    0.396874384942357583E+01    0.964174007745974171E+00    0.297787721710211561E+00    0.960480568602502194E+00    0.158643259644128136E+03   -0.343049145396419561E+02   -0.170009189815304751E+02    1
    0.273702267712609970E+01    0.116767014036872219E+01    0.322376889852445225E+00    0.593314734007996725E+00    0.108548046662766779E+03   -0.341016205709073859E+02   -0.171009189815304730E+02    1
    0.349666088995582358E+01    0.111411812801808408E+01    0.334351587128946914E+00    0.430979692323923691E+00    0.769599262101786223E+02   -0.340295282611681387E+02   -0.172009189815304744E+02    1
    0.436386618008191363E+01    0.107439998870674214E+01    0.309955724497484986E+00    0.747801979297582631E+00    0.122189277150573503E+03   -0.337819850688533805E+02   -0.173009189815304723E+02    1
    0.402891453261121502E+01    0.113436541301821281E+01    0.314867522399414956E+00    0.647684761439647927E+00    0.840436734100584317E+02   -0.337012943653104813E+02   -0.174009189815304737E+02    1
    0.384960630647777791E+01    0.139790375792539945E+01    0.367239760768120482E+00   -0.429798982557926812E-01    0.315086441727994284E+02   -0.335663326684655203E+02   -0.175009189815304751E+02    1
    0.499582693309112003E+01    0.997387462544656378E+00    0.316479182618390642E+00    0.680067516819278017E+00    0.109274116462696654E+03   -0.334307563834430752E+02   -0.176009189815304730E+02    1
    0.413929830947123278E+01    0.129472491165654580E+01    0.347519823330869948E+00    0.106333135670844986E+00    0.283888439692913224E+02   -0.331673582791818546E+02   -0.177009189815304744E+02    1
    0.433796126471851995E+01    0.103332028674826382E+01    0.316958445610723893E+00    0.697272753780370680E+00    0.141767212293263242E+03   -0.330980515783270732E+02   -0.178009189815304723E+02    1
    0.565080303488984903E+01    0.116743213993094952E+01    0.347429089752759490E+00    0.196194926964386729E+00    0.510454901589316847E+02   -0.330155948607485783E+02   -0.179009189815304737E+02    1
    0.385470184051539766E+01    0.104025172766779628E+01    0.309972501382511589E+00    0.800828104209469926E+00    0.148780882384573260E+03   -0.330091966275754061E+02   -0.180009189815304751E+02    1
    0.391405069244977177E+01    0.106798771197968079E+01    0.312023963559630635E+00    0.729187605834156760E+00    0.126742563632111285E+03   -0.328829438811843389E+02   -0.181009189815304730E+02    1
    0.397680291457600932E+01    0.123319631627596116E+01    0.327248432575080850E+00    0.444665460532094103E+00    0.554572806436856709E+02   -0.328706260849424723E+02   -0.182009189815304744E+02    1
    0.521279224222621629E+01    0.112294594582303420E+01    0.344627458904048445E+00    0.273592152400991773E+00    0.642473592889451481E+02   -0.325555330346147329E+02   -0.183009189815304758E+02    1
    0.369553749798000242E+01    0.133059245714503405E+01    0.347943501376378639E+00    0.119268222065388743E+00    0.756589157734123461E+02   -0.323495933794585113E+02   -0.184009189815304737E+02    1
    0.330098292769872170E+01    0.124846122601458576E+01    0.342633589107720626E+00    0.246639061199290188E+00    0.843466911343827377E+02   -0.322728948307068961E+02   -0.185009189815304751E+02    1
    0.351969385601387108E+01    0.124300589013433860E+01    0.350102906413227777E+00    0.161686606100802238E+00    0.396871361634228066E+02   -0.321333724237858362E+02   -0.186009189815304730E+02    1
    0.337389123228446053E+01    0.128776609465897995E+01    0.356406430377948169E+00    0.115613597180098671E+00    0.298670990409875827E+02   -0.320585403878325650E+02   -0.187009189815304744E+02    1
    0.345589149831622766E+01    0.127219857218871479E+01    0.352569258821422093E+00    0.904804031913648138E-01    0.532965899383995918E+02   -0.318577387562699101E+02   -0.188009189815304723E+02    1
    0.393477396677701563E+01    0.127411844187698042E+01    0.348380986636179224E+00    0.183076351226523742E+00    0.748641181599384993E+02   -0.318301901112669192E+02   -0.189009189815304737E+02    1
    0.481791419439005519E+01    0.126749073276953372E+01    0.348344245068102576E+00    0.153485944723625284E+00    0.538775076898391703E+02   -0.318250443909883742E+02   -0.190009189815304751E+02    1
    0.267957796175411378E+01    0.143600392798293086E+01    0.361407584693736128E+00   -0.527326659739974640E-01    0.227199695723520421E+02   -0.315451820573261230E+02   -0.191009189815304730E+02    1
    0.448418323629524362E+01    0.119845930022873559E+01    0.340128984672299295E+00    0.265763312443166755E+00    0.757831821777762968E+02   -0.314892043225182121E+02   -0.192009189815304744E+02    1
    0.395440649527575339E+01    0.133025226945500274E+01    0.344478461473564701E+00    0.210424557674313145E+00    0.543139878838284744E+02   -0.314850448016909468E+02   -0.193009189815304758E+02    1
    0.357128401819316998E+01    0.132036244007822745E+01    0.359122052999515717E+00   -0.113583672989513614E-01    0.630412696482303403E+02   -0.314718426015053474E+02   -0.194009189815304737E+02    1
    0.250864147911210145E+01    0.149545161848536967E+01    0.363495418030860551E+00   -0.260720713060300716E-01    0.267330083607474549E+02   -0.312425123530443081E+02   -0.195009189815304751E+02    1
    0.328461319588275602E+01    0.137421437444773931E+01    0.357889829369428647E+00    0.370649426289301892E-01    0.563175870210516933E+02   -0.311575156913095306E+02   -0.196009189815304765E+02    1
    0.352241095580622376E+01    0.125948412232335372E+01    0.333077970636231013E+00    0.385808010279288571E+00    0.795556871723577643E+02   -0.310516080972131228E+02   -0.197009189815304744E+02    1
    0.376340197156503287E+01    0.121764255148801914E+01    0.338946802161471383E+00    0.353037820456554519E+00    0.677229388100114846E+02   -0.308390272930930820E+02   -0.198009189815304758E+02    1
    0.263735607751799161E+01    0.145934471875048821E+01    0.351986171569037665E+00    0.118958460359332885E+00    0.325859924135856076E+02   -0.307723564587180896E+02   -0.199009189815304737E+02    1
    0.307853401184967979E+01    0.146764268357204797E+01    0.354032607540899324E+00    0.610951101373789357E-01    0.314583516925610027E+02   -0.307054315019244797E+02   -0.200009189815304751E+02    1
    0.300406951964494118E+01    0.134122153201373639E+01    0.338139046815126132E+00    0.289433561965304453E+00    0.628828574720253641E+02   -0.305605555297843594E+02   -0.201009189815304730E+02    1
    0.296580578382542148E+01    0.130696046622232931E+01    0.346782167794524587E+00    0.226687584154977473E+00    0.522531907531437980E+02   -0.304512480031838315E+02   -0.202009189815304744E+02    1
    0.344133530940289845E+01    0.144039672119265028E+01    0.365953459456698327E+00   -0.904178629141341728E-01    0.321566675387678558E+02   -0.304175220873679635E+02   -0.203009189815304758E+02    1
    0.291470098520035759E+01    0.137422559596944382E+01    0.348386288156484092E+00    0.174339421577262815E+00    0.356480422930392322E+02   -0.303177729328921934E+02   -0.204009189815304737E+02    1
    0.394472205936659215E+01    0.138677835158826457E+01    0.364394615684284995E+00   -0.135605109158754317E+00    0.451330487064443133E+02   -0.301435613619639575E+02   -0.205009189815304751E+02    1
    0.284762120253138784E+01    0.139565988159447607E+01    0.347488582576726324E+00    0.164468575302251840E+00    0.496330514789199526E+02   -0.299859773736375139E+02   -0.206009189815304730E+02    1
    0.262293288948366143E+01    0.146641495984537173E+01    0.357138303864507012E+00   -0.299933296056442353E-02    0.304135427903060602E+02   -0.299770232372729133E+02   -0.207009189815304744E+02    1
