    0.682155498412203265E+01    0.436145910753870936E+00    0.260322872808464112E+00    0.179232217627928136E+01    0.889595627408089513E+03   -0.486105676327905343E+02
    0.731592767282735945E+01    0.147269407079133885E+00    0.584640971264675069E+00   -0.799032277798244595E+00    0.931545534427762476E+02   -0.464885783528186138E+02
    0.261631956574798519E+01    0.609239828003316886E+00    0.262022685668577615E+00    0.160680851591636120E+01    0.809799711332362449E+03   -0.441382441079973802E+02
    0.731976740299747775E+01    0.554437765764288937E+00    0.283261432350864761E+00    0.136730157908477534E+01    0.608404877368119060E+03   -0.432582217108216582E+02
    0.690380851296418108E+01    0.433043890840454582E+00    0.280406344932320750E+00    0.142871160027643884E+01    0.793792490636084494E+03   -0.410474936556182683E+02
    0.930815657991346690E+01    0.545215881965091964E+00    0.284282637339126121E+00    0.122537374180094161E+01    0.602825729477000664E+03   -0.409139709549165715E+02
    0.762320939943752585E+01    0.463523699309918991E+00    0.270794672097598721E+00    0.150623448938171745E+01    0.820468088123524012E+03   -0.408905330993218783E+02
    0.593703449674844563E+01    0.359047531502120598E+00    0.272621384977115522E+00    0.153877499688766006E+01    0.100747406803502986E+04   -0.407170832594749328E+02
    0.417483541835633520E+01    0.534314211312476361E+00    0.255223158034194875E+00    0.164977137237565041E+01    0.943793214646576416E+03   -0.401864626062822339E+02
    0.370609403249208480E+01    0.488643836031724121E+00    0.265360547750634446E+00    0.159796261018014452E+01    0.104007510624228485E+04   -0.401158143534786760E+02
    0.548913079673961235E+01    0.497562630303300946E+00    0.270148129828693295E+00    0.143097688077382301E+01    0.926897277972369238E+03   -0.400899642156632936E+02
    0.545889570502134980E+01    0.406554037922526090E+00    0.273032397351298861E+00    0.151029685198463914E+01    0.943651807136557409E+03   -0.396642556528233001E+02
    0.776791844244910568E+01    0.582898496943226707E+00    0.291067337342237997E+00    0.117599977075431283E+01    0.544539750613956471E+03   -0.396019868793908500E+02
    0.691049244389812145E+01    0.531881191071412407E+00    0.286261523919120298E+00    0.129814337970699389E+01    0.571897059601600972E+03   -0.395952961989647534E+02
    0.533585381752952870E+01    0.568074066894260987E+00    0.301129155897704393E+00    0.109606132490778418E+01    0.478039844333773942E+03   -0.395112448770031577E+02
    0.489017613547415131E+01    0.412771614314909163E+00    0.246609303697061244E+00    0.187678071784308598E+01    0.122506062304294028E+04   -0.394121142316051518E+02
    0.755251879780400959E+01    0.372603730522524212E+00    0.268182444706970669E+00    0.154483273630710682E+01    0.866645772900644033E+03   -0.393058489118051710E+02
    0.534091112544499591E+01    0.532019514072302857E+00    0.276377006295657257E+00    0.145578624885212049E+01    0.804811762064347022E+03   -0.392985224529688679E+02
    0.563313233308216876E+01    0.667516573580086536E+00    0.279709513645858776E+00    0.123516794748625514E+01    0.590592165685332020E+03   -0.391959247940307378E+02
    0.634621760868995644E+01    0.395305715681875114E+00    0.257003846590272533E+00    0.171387052189256472E+01    0.985703198410968980E+03   -0.390203214222653045E+02
    0.621319735248391503E+01    0.359535702346364561E+00    0.251774582907538735E+00    0.176280473311326036E+01    0.110859844362156559E+04   -0.387035567508022069E+02
    0.675493539749928296E+01    0.670629128131646324E+00    0.291671696072527520E+00    0.114823592472986791E+01    0.430209590330019978E+03   -0.386454621456949496E+02
    0.559227944203889038E+01    0.491922737950872380E+00    0.281852243315464601E+00    0.136943147195194737E+01    0.696083855728811614E+03   -0.383990576227502558E+02
    0.339554807726845898E+01    0.103547104569073345E+01    0.300420104012292022E+00    0.952671989136923303E+00    0.313360565896592561E+03   -0.382934448768953359E+02
    0.486081520227775776E+01    0.445985690856251615E+00    0.261416320947959469E+00    0.166289860035616321E+01    0.100493217969118223E+04   -0.379923627078498356E+02
    0.785904615864829914E+01    0.780551224477094130E+00    0.316190070866238016E+00    0.669074682518320141E+00    0.197819564082563005E+03   -0.378928145628036859E+02
    0.713288102052430517E+01    0.630478122061686408E+00    0.302523422202906900E+00    0.958149177533183516E+00    0.382257619925833467E+03   -0.376260259538931550E+02
    0.485499459711509473E+01    0.726124986979355236E+00    0.279937505973733014E+00    0.128933555620981055E+01    0.560014781685733851E+03   -0.374797043305020878E+02
    0.333938935314008756E+01    0.105623160406965422E+01    0.312415754012897118E+00    0.810534544435523641E+00    0.249182991076983768E+03   -0.371076631372464476E+02
    0.514101942277645385E+01    0.796653163797577557E+00    0.298165327916735001E+00    0.103884675773451485E+01    0.419745848159695868E+03   -0.370920621477355255E+02
    0.661414172501444142E+01    0.656944432011782653E+00    0.294964660820344005E+00    0.104147469674029214E+01    0.416731371316211266E+03   -0.370581140274999825E+02
    0.311719280920674269E+01    0.805051535801270202E+00    0.292360403261265056E+00    0.113885734817593876E+01    0.471214672780249259E+03   -0.366775723915508465E+02
    0.588955591795509736E+01    0.725151840299960937E+00    0.293485620034112438E+00    0.103904555353924133E+01    0.394743972965553780E+03   -0.366507178672706146E+02
    0.460136601438775816E+01    0.665399544353910355E+00    0.290880680438485972E+00    0.119546886396045648E+01    0.535449870915086308E+03   -0.364036925132365496E+02
    0.381768500747426698E+01    0.860558904140706238E+00    0.301059680114923234E+00    0.101346408028236912E+01    0.398972663354334315E+03   -0.361585320442668490E+02
    0.488273426707805136E+01    0.724285328904330949E+00    0.296887298629482987E+00    0.108475505449459608E+01    0.469134826402557110E+03   -0.361341747903281387E+02
    0.353412515472332744E+01    0.957970105781394521E+00    0.296800975855103455E+00    0.963578015070281291E+00    0.357851410113655504E+03   -0.360420094162485114E+02
    0.433455201611925389E+01    0.767183474042423819E+00    0.307196784093213826E+00    0.951348315738114403E+00    0.404333560405596813E+03   -0.359713788533483765E+02
    0.298286544024166256E+01    0.103234618596048500E+01    0.310208050848478578E+00    0.847417940836811878E+00    0.259928915368177059E+03   -0.358428803499054425E+02
    0.508388284079606123E+01    0.730280783263480449E+00    0.292289229594917432E+00    0.107517745828483835E+01    0.452647260140069363E+03   -0.357044632748944153E+02
    0.564225559863485682E+01    0.744207553792494814E+00    0.299914224505830995E+00    0.953710638559970514E+00    0.392323541387172440E+03   -0.356965299644024938E+02
    0.310445786152451753E+01    0.114750055128617157E+01    0.312444932830370115E+00    0.726966776868327669E+00    0.195570200827009387E+03   -0.356642178779576682E+02
    0.412691547783784873E+01    0.788985842226607281E+00    0.289657656717128842E+00    0.112519684090943906E+01    0.481677016508266263E+03   -0.354270112860576560E+02
    0.464125532043773603E+01    0.888136407423850582E+00    0.299345005799935338E+00    0.938018008715937546E+00    0.307359801789146559E+03   -0.354025302365879639E+02
    0.258097532347052194E+01    0.114278414519065907E+01    0.318679836309287257E+00    0.675890324527421482E+00    0.204739222840883173E+03   -0.353822607618949903E+02
    0.490728999249850606E+01    0.819225557111658786E+00    0.309623238613924823E+00    0.880430925934660324E+00    0.282223747148848133E+03   -0.350760078295434994E+02
    0.319964718482374000E+01    0.101071645447107716E+01    0.319162547450921708E+00    0.728236763966831013E+00    0.260494623722117353E+03   -0.350676519265273683E+02
    0.437756342022514655E+01    0.862251899009133571E+00    0.301358166995605303E+00    0.906880598447528996E+00    0.372118364887108328E+03   -0.347971327473674492E+02
    0.437756342022514655E+01    0.862251899009133571E+00    0.301358166995605303E+00    0.906880598447528996E+00    0.372118364887108328E+03   -0.347971327473674492E+02
    0.474198748232706890E+01    0.787674753419052909E+00    0.304551111889562798E+00    0.927573046006576529E+00    0.391729769554339100E+03   -0.347814973645851637E+02
    0.307585338038267286E+01    0.115595221659085023E+01    0.315675479021440497E+00    0.675489739000059042E+00    0.181778019872594541E+03   -0.347412548691662124E+02
    0.502718077841641442E+01    0.829391277840219598E+00    0.305424366054890484E+00    0.893486438772103098E+00    0.308642732105641358E+03   -0.345382201196882903E+02
    0.275664665356425687E+01    0.106701830975379974E+01    0.314036229192289518E+00    0.754337400516486456E+00    0.238294776962860055E+03   -0.345359230104196371E+02
    0.354818582490145440E+01    0.106656084698507381E+01    0.318849790397120636E+00    0.671048321524896130E+00    0.230624602500590129E+03   -0.343478470014659010E+02
    0.461160394305974641E+01    0.909043670569144147E+00    0.306217581277230533E+00    0.830121698914075612E+00    0.247404057138139905E+03   -0.342754720770681232E+02
    0.373994080768672976E+01    0.110259180927411493E+01    0.317056155055813693E+00    0.645163121836361930E+00    0.194308397813876468E+03   -0.342474814001078016E+02
    0.341154096215561342E+01    0.905649869835629340E+00    0.309731190803636092E+00    0.864806192321853184E+00    0.314386809155682784E+03   -0.342408586291807637E+02
    0.444369307591620899E+01    0.930334248661226160E+00    0.311199735767152652E+00    0.804433995897120058E+00    0.248776983557968975E+03   -0.341815931857702324E+02
    0.454814324451009089E+01    0.959138213653540017E+00    0.311447723590619507E+00    0.760337454339501950E+00    0.201216828891810621E+03   -0.341458325200431858E+02
    0.348362180359761675E+01    0.112574313631623357E+01    0.321268005258008638E+00    0.584190567916460624E+00    0.172875305706472261E+03   -0.330147007928204417E+02
    0.348362180359761675E+01    0.112574313631623357E+01    0.321268005258008638E+00    0.584190567916460624E+00    0.172875305706472261E+03   -0.330147007928204417E+02
    0.348362180359761675E+01    0.112574313631623357E+01    0.321268005258008638E+00    0.584190567916460624E+00    0.172875305706472261E+03   -0.330147007928204417E+02
    0.453229032548192734E+01    0.910476664079497122E+00    0.306532087004802056E+00    0.824034751988613867E+00    0.243875460685445091E+03   -0.341196151406274168E+02
    0.440700253146368226E+01    0.924613113900183081E+00    0.312810751313980395E+00    0.743891526710260598E+00    0.298052483484272784E+03   -0.335893609066376015E+02
    0.440700253146368226E+01    0.924613113900183081E+00    0.312810751313980395E+00    0.743891526710260598E+00    0.298052483484272784E+03   -0.335893609066376015E+02
    0.375962091154312361E+01    0.909072975627154833E+00    0.302214022515532088E+00    0.910405540644189659E+00    0.314223165306251133E+03   -0.337869673048910144E+02
    0.375962091154312361E+01    0.909072975627154833E+00    0.302214022515532088E+00    0.910405540644189659E+00    0.314223165306251133E+03   -0.337869673048910144E+02
    0.452780484873543898E+01    0.891106258951387176E+00    0.313485235861788281E+00    0.783519099764378391E+00    0.243259622900216300E+03   -0.336576659483076028E+02
    0.452780484873543898E+01    0.891106258951387176E+00    0.313485235861788281E+00    0.783519099764378391E+00    0.243259622900216300E+03   -0.336576659483076028E+02
    0.422168974343451175E+01    0.977129784980239058E+00    0.312907839533301368E+00    0.716987291500094659E+00    0.269598888846954310E+03   -0.336618578010137739E+02
    0.422168974343451175E+01    0.977129784980239058E+00    0.312907839533301368E+00    0.716987291500094659E+00    0.269598888846954310E+03   -0.336618578010137739E+02
    0.343577378049375293E+01    0.110993035483967306E+01    0.314681279330130681E+00    0.663454833441991632E+00    0.149937035027635091E+03   -0.340025290771465762E+02
    0.401678784006222855E+01    0.996484987325749527E+00    0.317532048351842344E+00    0.694639141243027947E+00    0.186855567815024472E+03   -0.330324878712710799E+02
    0.401678784006222855E+01    0.996484987325749527E+00    0.317532048351842344E+00    0.694639141243027947E+00    0.186855567815024472E+03   -0.330324878712710799E+02
    0.401678784006222855E+01    0.996484987325749527E+00    0.317532048351842344E+00    0.694639141243027947E+00    0.186855567815024472E+03   -0.330324878712710799E+02
    0.278472678766518067E+01    0.113688883731166590E+01    0.318919618944147776E+00    0.644014895328678394E+00    0.183535367405466019E+03   -0.334647565642631690E+02
    0.278472678766518067E+01    0.113688883731166590E+01    0.318919618944147776E+00    0.644014895328678394E+00    0.183535367405466019E+03   -0.334647565642631690E+02
    0.308491887926201347E+01    0.104759968691094496E+01    0.310531216344499650E+00    0.784518829639146098E+00    0.228717677492950372E+03   -0.336233803781764706E+02
    0.308491887926201347E+01    0.104759968691094496E+01    0.310531216344499650E+00    0.784518829639146098E+00    0.228717677492950372E+03   -0.336233803781764706E+02
