    0.118860613621901456E-98    0.584688987235047080E+03    0.297388380476588665E+02    0.698353021580826905E+00    0.511096258046116469E+00   -0.205338339894676736E+01    0.827358605115281307E+02
    0.110005567393645089E-96    0.575433487893679285E+03    0.302941720708047342E+02    0.357159331053062079E+00    0.422053159917640475E+00   -0.536202883776765171E+00    0.438504281663207848E+03
    0.143654740801604062E-94    0.565489383901408701E+03    0.878789825975717598E+01    0.277873153176331544E+00    0.632998563650336799E+00   -0.209252103511249121E+01    0.725355911271287823E+01
    0.238963528533064372E-89    0.541245736666111270E+03    0.252530968830161946E+02    0.215326076578335579E+00    0.404854285735879005E+00    0.441058382156294185E-02    0.634372908451810304E+03
    0.866510855841988554E-88    0.533864239085220788E+03    0.300107839137600081E+02    0.154255956191011706E+00    0.322254723817393618E+00    0.861761540268670578E+00    0.180124266630011607E+04
    0.391755894672517931E-84    0.516831229759886241E+03    0.192505210646778941E+02    0.145181994676340576E+00    0.577410194167098156E+00   -0.156552353745287753E+01    0.162342285960691299E+03
    0.997312632683230520E-70    0.450289996423928358E+03    0.273960862743320739E+02    0.302898681126878011E+00    0.563453728983768221E+00   -0.194177362293292766E+01    0.106402862876670810E+03
    0.853643939300270908E-65    0.427375245734522309E+03    0.573549363260295308E+02    0.175580747392312719E+00    0.428444634669025382E+00   -0.540828360623521354E+00    0.442084179668431716E+03
    0.508676210044454567E-61    0.409789969969347226E+03    0.233019069108518977E+02    0.201882952248948422E+00    0.452080081761305319E+00   -0.507324493203239912E+00    0.307731848141095156E+03
    0.644035526102344429E-61    0.409118085559782344E+03    0.113612943506410033E+02    0.306620100155695352E+00    0.547030176871045826E+00   -0.124798287269605201E+01    0.112598503941683390E+03
    0.911334306271179341E-53    0.371382412258126806E+03    0.229155360061509299E+02    0.251279527491146959E+00    0.634566336432806688E+00   -0.250133356867034040E+01    0.351154523881961040E+02
    0.575795468402157069E-51    0.362890386462463312E+03    0.138823792362742058E+02    0.905550588813381352E-01    0.554520462542806514E+00   -0.682325121241680765E+00    0.114034579203576840E+03
    0.124681521704917687E-49    0.356540025787184277E+03    0.546388421519813434E+02    0.229576245543425039E+00    0.391080600998100270E+00   -0.105941816946643091E+00    0.464432494915611301E+03
    0.102119289614522117E-47    0.347528927462685999E+03    0.219483193225118498E+02    0.863217217147947136E-01    0.667433392255843860E+00   -0.224665066938173741E+01    0.710107280164830001E+02
    0.306422669370892412E-47    0.345131279891971076E+03    0.143323017725134338E+02    0.201588349664090838E+00    0.504174527493798652E+00   -0.588896969902373724E+00    0.153612396461156408E+03
    0.359918020524050361E-46    0.340004287979134403E+03    0.103953949262867411E+02    0.247684993260538999E+00    0.511398234841170307E+00   -0.690959821697013088E+00    0.141080849179763902E+03
    0.575909370028011032E-44    0.329653799567431406E+03    0.314880872818931543E+02    0.803986339426466801E-01    0.570329031734685410E+00   -0.148838693540797085E+01    0.117959805936027237E+03
    0.426672827500336071E-39    0.307027814231529931E+03    0.273965915224173564E+02    0.889875410526191069E-01    0.687539721300153617E+00   -0.268126411337710602E+01    0.105378212845437247E-01
    0.280511924660438553E-34    0.284640765844344799E+03    0.502039866930465806E+01    0.380905785358038429E+00    0.465329060621956114E+00   -0.209755290766275998E+00    0.102202028984019989E+03
    0.828041515336012387E-34    0.282275871731933876E+03    0.136359040132436373E+02    0.230348911018751351E+00    0.537940031343871583E+00   -0.110556778699406211E+01    0.524146285039313966E+02
    0.441281201835036920E-32    0.274124293308560709E+03    0.487720975398538847E+01    0.188358794673157220E+00    0.477304244406605349E+00    0.219380000814519832E+00    0.172392498749003323E+03
    0.598109738925364900E-31    0.268710939264768854E+03    0.256808398641197506E+02    0.299138923779617483E+00    0.391269864600665929E+00    0.175169526339033765E+00    0.295241311522993499E+03
    0.409622867013877830E-30    0.264662843773152360E+03    0.244732772707950907E+02    0.103998236776033079E+00    0.692407841602771135E+00   -0.263946175071204259E+01    0.168909945637343810E+02
    0.434536221424277830E-30    0.264344758963441564E+03    0.203568182471355286E+01    0.391644158128576725E+00    0.448866397736385203E+00    0.396829824097532591E+00    0.149825132868226547E+03
    0.960303465828069126E-30    0.262558818883333288E+03    0.149579965547876927E+02    0.122173020405101709E+00    0.552843925230987465E+00   -0.813116944355988469E+00    0.860386638170017477E+02
    0.372966862351018426E-27    0.250434827865232819E+03    0.913056831912730971E+01    0.911415641004316018E-01    0.525141398965918826E+00   -0.148918602865502125E+00    0.974174085964222058E+02
    0.122132899151185067E-26    0.247862417250593779E+03    0.930940987223577210E+01    0.135622313603124600E+00    0.621183760138131147E+00   -0.141295289018985448E+01    0.108705554708777470E+02
    0.146414795841734227E-26    0.247299749507048688E+03    0.271245960691530001E+02    0.210483267821402614E+00    0.483237550334035981E+00   -0.830555263056662718E+00    0.815697641430403166E+02
    0.295606841909451877E-25    0.241089405973600464E+03    0.997970977267515380E+01    0.163522709304461389E+00    0.636608958723060336E+00   -0.164381251623749547E+01    0.159086064758485293E+02
    0.662477939816586161E-25    0.239275492125055251E+03    0.791776100484522161E+01    0.108841680236073546E+00    0.558579637079240521E+00   -0.722330977678643960E+00    0.374359515773217879E+02
    0.182648155753352131E-23    0.232442002958854374E+03    0.188908371517313718E+02    0.102655822058184007E+00    0.690019079628112930E+00   -0.232201019369486827E+01    0.199173269356961669E+01
    0.768698623821961055E-22    0.224762558112749332E+03    0.754352798647306244E+01    0.239064195775424176E+00    0.419776010646992048E+00    0.669548671172293663E+00    0.137024764732002126E+03
    0.167673839679762607E-20    0.218397574389133098E+03    0.480612893003593200E+01    0.166889249598134254E+00    0.500561417160016564E+00    0.683194250971677491E-01    0.118025530814241478E+03
    0.496697386065707424E-19    0.211420483607963149E+03    0.410873045635316103E+01    0.193498576888830653E+00    0.474371129511284795E+00    0.368587445803450431E+00    0.131146602227558503E+03
    0.991195481466198922E-19    0.209838621983649318E+03    0.125699148211694745E+02    0.972802891145148063E-01    0.670406219396965319E+00   -0.183294471850058027E+01    0.698857244262092081E+01
    0.466718553207914354E-18    0.206539822528570198E+03    0.100116099108031413E+02    0.797193624897140074E+00    0.452377959398630958E+00   -0.621628356649817526E+00    0.244847825001744468E+02
    0.391035924120477255E-16    0.197483336102372562E+03    0.168723237198419218E+01    0.384618234686317562E+00    0.392435397450176082E+00    0.109683300247056259E+01    0.190554272467085184E+03
    0.600640428881463330E-16    0.196424942034116896E+03    0.113726834134391037E+02    0.491832286224294146E+00    0.505116873110953435E+00   -0.100630276523953355E+01    0.287478979409159763E+02
    0.378846959207459195E-15    0.192541500139067807E+03    0.985009745572020101E+01    0.541290598531915412E+00    0.482373458271457611E+00   -0.789556660738440885E+00    0.810103251069773478E+01
    0.519858319444110366E-15    0.191708652159319570E+03    0.269908900875206150E+02    0.629014132653489821E-01    0.809917970113841257E+00   -0.326295642137657271E+01    0.655397868570716469E+01
    0.181279117408019982E-14    0.189010518739816689E+03    0.633815205204769860E+01    0.445822264865242235E+00    0.476879584937861034E+00   -0.374290550919398224E+00    0.509076464598460063E+02
    0.310393274048866051E-14    0.187734914358183516E+03    0.195594849595788816E+02    0.124772871580448516E+00    0.482975137083390904E+00   -0.353761532354970099E+00    0.808411154272267822E+02
    0.477784153258000358E-14    0.186672276460448529E+03    0.142603395817047804E+02    0.125434529677211026E+00    0.503886314646335265E+00   -0.319487816917766454E+00    0.718937807513549956E+02
    0.863418872692113448E-14    0.185288794714106700E+03    0.231720211113641916E+02    0.811672272633603975E-01    0.508588663885229608E+00   -0.526882553691348732E+00    0.642799757839610209E+02
    0.130598191435482642E-13    0.184261173673777790E+03    0.177714524030748464E+02    0.118983434915227379E+00    0.495596224264562180E+00   -0.430202463272036317E+00    0.561331760076819251E+02
    0.287134399317118556E-13    0.182485523618131026E+03    0.259768571818497751E+01    0.537885108580100857E+00    0.355543780086510441E+00    0.130134344837706784E+01    0.106003956577479016E+03
    0.809852881753834883E-13    0.180211719203618372E+03    0.494612115013076803E+01    0.193554899705689065E+00    0.379869344824161015E+00    0.135161404219744541E+01    0.134354123495060890E+03
    0.520561919980367297E-12    0.176290436538086198E+03    0.168674505000652921E+02    0.198544610873356925E+00    0.438401315088532084E+00   -0.157854952121666871E-01    0.566127907762924565E+02
    0.111926962160191208E-11    0.174559390969053197E+03    0.100600594125373100E+02    0.188604160168728746E+00    0.455728583707477819E+00    0.136880761447564225E+00    0.959311936776773848E+02
    0.102946568467200341E-10    0.169921493651295208E+03    0.169914587976944098E+02    0.179296394598795289E+00    0.437496852558747984E+00    0.125529170152847036E+00    0.907092243601208281E+02
    0.260252936456509543E-10    0.167866605871774368E+03    0.636258432816533848E+01    0.416062971375364798E+00    0.436949265326455227E+00    0.183903670446532469E+00    0.711002268481909994E+02
    0.246010831914239078E-09    0.163173992532808285E+03    0.296675993307701180E+01    0.271498387983963474E+00    0.424562855202771761E+00    0.733036493298217628E+00    0.136842945584817755E+03
    0.248441281820618135E-08    0.158349160426778724E+03    0.153799094927740772E+02    0.146146355547267681E+00    0.415576433573616288E+00    0.419861916341724761E+00    0.735178404477077834E+02
    0.443429032621615537E-08    0.156990497936471769E+03    0.720122189574093063E+01    0.192087515028819961E+00    0.426628159698157816E+00    0.518715064347098798E+00    0.110148693151658108E+03
    0.407907085591313097E-07    0.152352324460950285E+03    0.102825159048965400E+02    0.565723574221142611E+00    0.390940049967909098E+00    0.305893677624908267E+00    0.531243211123468484E+02
    0.447212447751792935E-07    0.151968335782463697E+03    0.105047050547407785E+02    0.306737125182474146E+00    0.411455334900647396E+00    0.388736177653669635E+00    0.476561794012981181E+02
    0.413434732858841318E-07    0.151925403972546917E+03    0.800077966558864162E+01    0.208138428003732501E+00    0.387917323562770699E+00    0.978225154732710322E+00    0.855747329313443288E+02
    0.395562155419323077E-07    0.151813787432262416E+03    0.147828460442579401E+01    0.486760117723656294E+00    0.362939823311156318E+00    0.124268594780196096E+01    0.106778305665098429E+03
    0.395820079826099959E-07    0.151612483766830366E+03    0.737837487707080442E+01    0.400056934841473422E+00    0.417870384219268143E+00    0.339437971952639583E+00    0.212840665113931493E+02
    0.804886531714178813E-07    0.149993000668918967E+03    0.441005350749659630E+01    0.403759902031023521E+00    0.399544391793528797E+00    0.600247140665110424E+00    0.107275124339622010E+03
    0.205173683490691609E-06    0.147921519395161198E+03    0.468864271698402835E+01    0.767543796782205079E+00    0.390772512140079575E+00    0.407083741926153042E+00    0.261853615707224492E+02
    0.317834911987081859E-06    0.146846168902546964E+03    0.585256261162409430E+01    0.197252334169449151E+00    0.412181300266172557E+00    0.809244184780683606E+00    0.109722148802440188E+03
    0.601497779694664819E-06    0.145370387420858890E+03    0.540188696312091210E+01    0.484135217809926632E+00    0.417287883831758188E+00    0.277864206228553345E+00    0.456449203633901561E+02
    0.765151558630233097E-06    0.144689085248991972E+03    0.466221238819510653E+01    0.300143453992348430E+00    0.377710739252374805E+00    0.110394947317991576E+01    0.118680865052086233E+03
    0.141448318822255046E-05    0.143260194098400490E+03    0.655402233014281066E+01    0.387005147088481216E+00    0.392055456498109689E+00    0.678753160064495709E+00    0.725440953520457299E+02
    0.150049754663139748E-05    0.142942129049423301E+03    0.676102284801105391E+01    0.250560397560323944E+00    0.402630252228288132E+00    0.703887050353215526E+00    0.796188622892676676E+02
    0.203156943786778753E-05    0.142136105318246848E+03    0.609107172202150515E+01    0.295744957265336561E+00    0.369608025552884356E+00    0.108001454889434489E+01    0.105062504410624030E+03
    0.253678998976639118E-05    0.141491923554697053E+03    0.567594800879826700E+01    0.218834870878562349E+00    0.395154815830610240E+00    0.851153608226339786E+00    0.115238399617576874E+03
    0.279759827739265748E-05    0.141096199969104788E+03    0.278541512395317081E+01    0.525161577094298671E+00    0.329711249778046500E+00    0.145520922052028423E+01    0.138899850314077298E+03
    0.300237672583443714E-05    0.140754914117239252E+03    0.285081835167018305E+01    0.429865565271263905E+00    0.352385750084060589E+00    0.137938171085503036E+01    0.105070529262451743E+03
    0.189877173495143570E-04    0.136866137921478270E+03    0.229477980414045835E+01    0.313847248489475095E+00    0.359850484787610225E+00    0.148712910515375696E+01    0.145109917620709695E+03
    0.181339135369953324E-04    0.136758154828734320E+03    0.240669514318954825E+01    0.543894198376352556E+00    0.385838292402046257E+00    0.746789612914517509E+00    0.654999732089905535E+02
    0.285889692934152474E-04    0.135647680642374610E+03    0.397861508606453818E+01    0.206715272377458154E+00    0.374159106951487408E+00    0.115068464353985855E+01    0.160938636032541979E+03
    0.384643416143187384E-04    0.134854259310594728E+03    0.337696528301127108E+01    0.293604889400188585E+00    0.355071269571531956E+00    0.143671332165322885E+01    0.139156019837215979E+03
    0.471010086830419853E-04    0.134249133718011279E+03    0.380272040183607540E+01    0.246463518550715743E+00    0.402499825240959563E+00    0.932804484555948887E+00    0.108057148560968699E+03
    0.755580438936142586E-04    0.133103920242793691E+03    0.618921850006840391E+01    0.318804830692338226E+00    0.358493135010593655E+00    0.105690334023490973E+01    0.134852920531347451E+03
    0.840565913208950096E-04    0.132690741994736499E+03    0.537695068391704645E+01    0.165918881631366422E+00    0.357699628221239851E+00    0.133163502992171878E+01    0.183557277366907584E+03
    0.828109384038246187E-04    0.132520602233164425E+03    0.480547696697624449E+01    0.287375246819054575E+00    0.357339065572578607E+00    0.122680361782857417E+01    0.153736022680471706E+03
    0.953319616968639478E-04    0.132038992282642880E+03    0.418364032212847281E+01    0.460405801933596537E+00    0.356988743314118784E+00    0.109836963727972936E+01    0.936550851958415649E+02
    0.132505213870507532E-03    0.131180478561912707E+03    0.522751921895681448E+01    0.390622404082868746E+00    0.372176403871353922E+00    0.870175099125338747E+00    0.770131429934256460E+02
    0.146660855749105700E-03    0.130777476916015388E+03    0.570955264044353683E+01    0.249988418663425055E+00    0.353006899942657437E+00    0.119111638444153289E+01    0.152580745197268584E+03
    0.139205432515403693E-03    0.130681821003489233E+03    0.348011055586644025E+01    0.192817412280318234E+00    0.411628264869224103E+00    0.965144562726187316E+00    0.879720794705400522E+02
    0.161798510659317212E-03    0.130181018951634996E+03    0.473967044725016073E+01    0.342272114242473224E+00    0.373107422948267820E+00    0.996376425989318193E+00    0.845265713926277726E+02
    0.299217629668331044E-03    0.128751380217043646E+03    0.370309863235878289E+01    0.260757458616746485E+00    0.380819398110105456E+00    0.112491492097328138E+01    0.119496099317162390E+03
    0.936199455884110057E-03    0.126270065455809885E+03    0.277426495877394519E+01    0.193897286196455493E+00    0.364805763319542398E+00    0.148358378874130770E+01    0.170387460879921321E+03
    0.124132204921953513E-02    0.125505858032408511E+03    0.313917805485560208E+01    0.354992956708463259E+00    0.348512681022050463E+00    0.135449635331464835E+01    0.162385682667400715E+03
    0.151441466166437624E-02    0.124908153988451545E+03    0.312245906774122517E+01    0.465108301383597211E+00    0.349049439099551828E+00    0.122981034783194976E+01    0.121079871670140108E+03
    0.194977135267803813E-02    0.124202787771857132E+03    0.242247975964277806E+01    0.249605050494582453E+00    0.345634696082813442E+00    0.153650074223507649E+01    0.149920677495350844E+03
    0.324351199894532156E-02    0.122984898607092674E+03    0.375334539092398778E+01    0.362415884576156977E+00    0.346592973644520963E+00    0.129524832287809355E+01    0.140172986431785830E+03
    0.365137709101095520E-02    0.122548003229887385E+03    0.638100395379478336E+01    0.250582809028823683E+00    0.297847015828750061E+00    0.172299039901675455E+01    0.273925360077068945E+03
    0.394912683506964610E-02    0.122191222993056485E+03    0.510785764423194877E+01    0.332867230825432070E+00    0.311620673124590131E+00    0.157341537163783141E+01    0.229555730844989512E+03
    0.412512478689976668E-02    0.121904019451787377E+03    0.445906401341379599E+01    0.314878413873099894E+00    0.325203600797321857E+00    0.149861746086355030E+01    0.191029724490612494E+03
    0.439330678333620540E-02    0.121578047598902202E+03    0.372110494993297980E+01    0.314853381092207674E+00    0.345215443896075558E+00    0.133230566499198666E+01    0.153556796087001544E+03
    0.455611406569575526E-02    0.121305271829904370E+03    0.354917497658501624E+01    0.250144416028114491E+00    0.324614694117632052E+00    0.166650367527829735E+01    0.206441757138827541E+03
    0.412852375511316150E-02    0.121302372195600839E+03    0.268863156933917935E+01    0.232050767078444825E+00    0.344133861089194082E+00    0.158074386686284796E+01    0.180753549193261506E+03
    0.423945505854081590E-02    0.121049342519074983E+03    0.268121856416906645E+01    0.328840499019497412E+00    0.347330142256170760E+00    0.139029796388813964E+01    0.137332131918854202E+03
    0.411282507060441779E-02    0.120909991678201777E+03    0.512619262316610858E+01    0.341880552587682629E+00    0.319350192371578190E+00    0.147282055731231787E+01    0.197743193902561728E+03
    0.538906064853297579E-02    0.120169469807138938E+03    0.576338900669964715E+01    0.509533040193537734E+00    0.316932299776624293E+00    0.126871827029119610E+01    0.174177566220964593E+03
    0.553697912228494522E-02    0.119915313858682282E+03    0.599850257602759473E+01    0.457601603823497460E+00    0.288201016501290430E+00    0.159300481271371108E+01    0.216925136612849656E+03
    0.553047090438486561E-02    0.119717666060367250E+03    0.318461460812853314E+01    0.390842105217984848E+00    0.310457889851101121E+00    0.168063577671642794E+01    0.209716764725888083E+03
    0.558727839418421239E-02    0.119497227396870684E+03    0.365805457179764559E+01    0.283194088072817818E+00    0.324462539389368643E+00    0.159942191832124037E+01    0.203329784872899893E+03
    0.719283628023705077E-02    0.118792040853901824E+03    0.286570773341410012E+01    0.259961122176728954E+00    0.327635886826756484E+00    0.167679836717806818E+01    0.191569491925538102E+03
    0.926042829414681044E-02    0.118086711393872434E+03    0.495684386884431305E+01    0.299133921143477921E+00    0.316739424824207305E+00    0.152284395876755019E+01    0.185302252134862783E+03
    0.162671414060190089E-01    0.116759917576062051E+03    0.216826368179770368E+01    0.394057969015958409E+00    0.315707231368778485E+00    0.168688494234016817E+01    0.191604168044153909E+03
    0.162443882513366583E-01    0.116562716971677929E+03    0.249130656663642380E+01    0.416241376846844868E+00    0.327306181302011723E+00    0.152710397502940043E+01    0.165475597694770784E+03
    0.155227303566383180E-01    0.116453601144538396E+03    0.480134049442378874E+01    0.404175770690469838E+00    0.285885637523604241E+00    0.178060362664295257E+01    0.240640408913395902E+03
    0.152445816602281882E-01    0.116289763715283954E+03    0.525979661125373354E+01    0.361202168240092103E+00    0.317529714807819829E+00    0.142869393094233743E+01    0.171921152706720193E+03
    0.217609577734531531E-01    0.115377977120498343E+03    0.343684069715923268E+01    0.396837181373830006E+00    0.313906389084415760E+00    0.159493174388315984E+01    0.184237740786783377E+03
    0.198664208944256578E-01    0.115360150164703384E+03    0.426638281286686372E+01    0.418530156276991527E+00    0.292080711336743959E+00    0.173802601930854084E+01    0.215190374066503409E+03
    0.195406453055209338E-01    0.115193218651351074E+03    0.300910728399679339E+01    0.338507978710735458E+00    0.324791732811720801E+00    0.156474121780342590E+01    0.171112875213883996E+03
    0.199249425758688745E-01    0.114954267307868776E+03    0.648229950818398137E+01    0.338369332856036209E+00    0.300999571316804770E+00    0.152265218327408380E+01    0.208889688793920271E+03
    0.190184835351765724E-01    0.114847389345331038E+03    0.589557964413826241E+01    0.417725728562640453E+00    0.318545687315283710E+00    0.129921103558447970E+01    0.177507898691108863E+03
    0.179782222855805647E-01    0.114759889688413551E+03    0.304765452396690284E+01    0.333741749971044388E+00    0.310382245988310990E+00    0.172588281055630088E+01    0.190982165511986324E+03
    0.210337149972896625E-01    0.114245958740413030E+03    0.484375299529685677E+01    0.415852873080347962E+00    0.308981062158417141E+00    0.150146431268570035E+01    0.193374245092812430E+03
    0.230913436233582299E-01    0.113859296368429767E+03    0.389244822804337343E+01    0.408482292601419938E+00    0.323965208651740111E+00    0.140851438667278739E+01    0.163977009895737126E+03
    0.211350006707801685E-01    0.113836351061671522E+03    0.384368955208008867E+01    0.425766786983239609E+00    0.323722821354596402E+00    0.140283571496255832E+01    0.161210586417017339E+03
    0.210370067261219061E-01    0.113645645769424760E+03    0.585602745931703517E+01    0.422846286904607904E+00    0.311514964283395035E+00    0.133306828902845753E+01    0.174837298259918526E+03
    0.206035115290629754E-01    0.113487288945496189E+03    0.348803912212149037E+01    0.369113452922527507E+00    0.318432722450357530E+00    0.154693843682457843E+01    0.179308090052289174E+03
    0.239039759133919082E-01    0.112990122390563457E+03    0.553318661610366114E+01    0.359739126706868972E+00    0.304710383201461321E+00    0.149411755293736537E+01    0.187809111750459948E+03
    0.218932718092142292E-01    0.112965853260592496E+03    0.482329345236645324E+01    0.434727081100120649E+00    0.320579511945570217E+00    0.133443345332354424E+01    0.161695809300211465E+03
    0.247994585815560810E-01    0.112516568350097288E+03    0.450553018939323380E+01    0.413083251292903575E+00    0.319499078165420614E+00    0.138603950965111178E+01    0.169959447200699515E+03
    0.243622027002728739E-01    0.112352146270006187E+03    0.550022902282005965E+01    0.432653229771584824E+00    0.293035509214380152E+00    0.158777020516213385E+01    0.205387590717536739E+03
    0.240841594469729629E-01    0.112175103313119649E+03    0.342089189891733403E+01    0.500256627808616350E+00    0.319792481979026877E+00    0.141023849525462586E+01    0.152720355683596438E+03
    0.227368749578195084E-01    0.112090235885223350E+03    0.549729547358567849E+01    0.483895988540868571E+00    0.307249298509425450E+00    0.137293169443654062E+01    0.176101218201243967E+03
    0.229291403494212009E-01    0.111873394781276261E+03    0.349162138905136210E+01    0.388328080738178816E+00    0.302705285289599335E+00    0.169718567977488433E+01    0.196787439535108263E+03
    0.226305894110662847E-01    0.111699606983448419E+03    0.411518561857273824E+01    0.413491988995789983E+00    0.318674141134594913E+00    0.142608496737892931E+01    0.168478909849392011E+03
    0.214342928771573751E-01    0.111608227772511711E+03    0.385538653700900014E+01    0.421939678481442426E+00    0.323353662146261212E+00    0.137097048649623998E+01    0.151918373946889858E+03
    0.201695800372516804E-01    0.111529860932001242E+03    0.569045225917689468E+01    0.427781648342349941E+00    0.302660168909991090E+00    0.145946289930009021E+01    0.187149882939987322E+03
    0.226320743294784847E-01    0.111099475756667687E+03    0.549199139268668812E+01    0.459361938631549060E+00    0.307848104525196287E+00    0.136840338721897692E+01    0.172999732138658203E+03
    0.205722100910187625E-01    0.111090329712515398E+03    0.528648450525671088E+01    0.499045017033615090E+00    0.311330320958565276E+00    0.131868512907655111E+01    0.163672641496112220E+03
    0.215447210027702486E-01    0.110797950350240313E+03    0.519385734265691035E+01    0.374763579517209844E+00    0.298904985983015459E+00    0.159443098740666112E+01    0.206730647025788670E+03
    0.195507973829668891E-01    0.110792179848280512E+03    0.344033239257522894E+01    0.400635557948043786E+00    0.305841225824710905E+00    0.164877384867656263E+01    0.193975933218683252E+03
    0.178656993531168609E-01    0.110772446718666330E+03    0.244166136092343988E+01    0.528718485513805514E+00    0.317987336497885020E+00    0.148899184462974654E+01    0.155847948334622771E+03
    0.178742709338645285E-01    0.110571487391521615E+03    0.519591162186638300E+01    0.382872000683391500E+00    0.302674633244257363E+00    0.153425915943959246E+01    0.190974150792805631E+03
    0.177690526813297049E-01    0.110383295331690377E+03    0.521280492783209937E+01    0.420101505284658505E+00    0.308513703914983894E+00    0.142593906740612564E+01    0.173097325568824260E+03
    0.217894735957832909E-01    0.109972025789056389E+03    0.448395305203242778E+01    0.454081615284705642E+00    0.314652200486924383E+00    0.139716114757214349E+01    0.161600951871478344E+03
    0.341195403799147909E-01    0.109075139266580479E+03    0.456062992547068191E+01    0.461911372200123127E+00    0.307930286322306401E+00    0.145807560947144998E+01    0.168741623650636939E+03
    0.266246701662541697E-01    0.109571203298595734E+03    0.374384106520043591E+01    0.463136077193107953E+00    0.308564709370411749E+00    0.152882295333798934E+01    0.170009062985999947E+03
    0.358840138629204497E-01    0.108974295970211799E+03    0.479598509302368736E+01    0.449803727107617179E+00    0.301662548308748280E+00    0.151780874843075964E+01    0.179729853065572399E+03
    0.254556034960473770E-01    0.109661007979411252E+03    0.502524665628410716E+01    0.453483174137040645E+00    0.295513263608167376E+00    0.155985345949046650E+01    0.193083603520789069E+03
    0.207450049400789774E-01    0.110070268786421067E+03    0.501080707004021697E+01    0.445010549611304151E+00    0.303440390153768835E+00    0.149290788591055890E+01    0.179821286926497322E+03
    0.267280789626458716E-01    0.109563450451548817E+03    0.468991561869204965E+01    0.472932459680172668E+00    0.310214129738736299E+00    0.141156285330481257E+01    0.171655102566720046E+03
    0.190903549179267905E-01    0.110236513311479285E+03    0.519804124081293661E+01    0.404817539769401546E+00    0.292400787603551371E+00    0.163293962236174162E+01    0.202680303636900391E+03
    0.216793965110494667E-01    0.109982155090302015E+03    0.511442656137824070E+01    0.442031663452102541E+00    0.298258314187644036E+00    0.153858994945559502E+01    0.177656984058258217E+03
    0.309403853229008145E-01    0.109270755172372361E+03    0.395329149146473391E+01    0.533483378487890736E+00    0.305197566934615860E+00    0.147597902515509194E+01    0.166924422800993284E+03
