    0.681597893327901209E-41    0.282085547364238835E+03    0.229486341762481167E+02    0.134441777646178318E+00    0.426382331172120543E+00    0.156871829465258772E+01    0.459604011884979826E+02
    0.119609687914996859E-27    0.220893576848137116E+03    0.529063029369594631E+02    0.133120481073125685E+00    0.303308744045437118E+00    0.182424124969436452E+01    0.569862299359781588E+01
    0.120735747819582989E-27    0.220674836019702838E+03    0.264801749668752073E+02    0.151622707576611254E+00    0.420687851281466518E+00   -0.373750529109746488E+00    0.282807887333628003E+03
    0.806548221518794969E-25    0.207466176784153078E+03    0.103097558218555605E+02    0.385265907016597131E+00    0.246245440400393173E+00    0.211499407886328372E+01    0.245336924159854789E+03
    0.220175620476016598E-24    0.205257682966329526E+03    0.460207114356833529E+02    0.136719745026081002E+00    0.312693606641075594E+00    0.171013534867998507E+01    0.103399428092934997E+03
    0.388521301361335646E-23    0.199316667789797236E+03    0.435649967294826297E+02    0.301012372836226394E+00    0.353681519564843616E+00    0.107812657526537969E+01    0.595912360252983717E+02
    0.898013483635208420E-22    0.192835823433189262E+03    0.311429338630882242E+02    0.460994536646425146E+00    0.212620039186620813E+00    0.271431531954850680E+01    0.283845101311252336E+03
    0.876934724030738762E-22    0.192683328482691593E+03    0.178856702657922995E+02    0.211743686802622955E+00    0.206847073411569854E+00    0.320255210981197136E+01    0.286869615832324314E+03
    0.338251314404613662E-21    0.189783445108067667E+03    0.107004540835319766E+02    0.578240952954238829E+00    0.274070477959819536E+00    0.195361419304822048E+01    0.388303482815001473E+03
    0.252581660364187368E-20    0.185562384020333099E+03    0.596860440870276818E+02    0.125519486821655729E+00    0.584824950970211810E+00   -0.170034493355146621E+01    0.141288050990263059E+03
    0.231463821692189211E-20    0.185537006060907743E+03    0.373636196535231813E+01    0.219333488592201503E+00    0.268748033578394607E+00    0.174328655868505744E+01    0.362072914082202544E+03
    0.224820655289819456E-19    0.180790077048451110E+03    0.405532061447621004E+02    0.128634167201416932E+00    0.504568417769795108E+00   -0.121921555615175836E+01    0.492473509240179510E+02
    0.590526914751070294E-19    0.178658652613583740E+03    0.534882305044222761E+02    0.316800711159775816E+00    0.542608209312834378E+00   -0.171611968927189218E+01    0.156405767592748305E+03
    0.445802993314077525E-18    0.174415758585170323E+03    0.202814217215884547E+02    0.131814957107950825E+00    0.258749877327712152E+00    0.215646071866373124E+01    0.144266306908297906E+03
    0.524201262503381982E-17    0.169286591271346197E+03    0.369361924473766834E+02    0.235196429567487736E+00    0.748356460320386496E+00   -0.311448571116590589E+01    0.477629573730086818E+02
    0.103688402004982007E-16    0.167722391949653087E+03    0.165419799477009768E+02    0.248100651254483662E+00    0.195602981464855469E+00    0.304979526006217139E+01    0.553953449877756498E+03
    0.172535875383884965E-16    0.166503962107831825E+03    0.654522761635561210E+02    0.212715233686143951E+00    0.505283047526970730E+00   -0.157363195851902371E+01    0.395632260192418528E+02
    0.361592767918095964E-13    0.151008624669860325E+03    0.152110916536227965E+02    0.182108153844576737E+00    0.352763767051606281E+00    0.104663552817324734E+01    0.137945403581029694E+03
    0.128568442303230424E-12    0.148271568965117581E+03    0.569486491464441400E+02    0.260273452088247148E+00    0.581564832261727838E+00   -0.189409764550322368E+01    0.806998808881312470E+02
    0.223732960240753476E-12    0.146963585342242425E+03    0.176746584150648900E+02    0.198850447164577199E+00    0.402896995332521490E+00    0.422607443828777740E+00    0.311060371899840469E+02
    0.244578105045846738E-12    0.146585422328170182E+03    0.506391053403051217E+02    0.261964206301462166E+00    0.379644802313691188E+00    0.721877519979210458E-01    0.206191757418142004E+03
    0.791399198843758703E-12    0.144036886706809270E+03    0.529846334881835901E+02    0.169341707798204233E+00    0.737913647882753709E+00   -0.287760534966157655E+01    0.133290409887163506E+02
    0.818228872830780231E-12    0.143770207553847456E+03    0.722782857384422961E+01    0.142368957218787007E+00    0.254368378901391856E+00    0.216422075022218374E+01    0.268707642147577474E+03
    0.156571959806253751E-11    0.142272290131327054E+03    0.320914993236538137E+02    0.138095835494257080E+00    0.338916071391818341E+00    0.846579046950685199E+00    0.184876002172329265E+03
    0.159889591821709076E-11    0.142030354502217847E+03    0.499915680396474755E+02    0.125373305911832655E+00    0.477351442112768587E+00   -0.831721605712279932E+00    0.250173279387273908E+03
    0.325566319540484007E-10    0.135803018992952587E+03    0.520583725383650986E+01    0.191759221561690230E+00    0.266778705264231697E+00    0.197302005290623406E+01    0.183790348386652454E+03
    0.495027444017875741E-10    0.134764924961094721E+03    0.104648526122079602E+03    0.138763358845338025E+00    0.438701637922810417E+00   -0.616023387087066499E+00    0.171080879354431374E+03
    0.905334084696635481E-10    0.133357543308198785E+03    0.572665721096574600E+02    0.248773811349380508E+00    0.548960892355754404E+00   -0.178063922751556269E+01    0.104905556087733558E+03
    0.326159618206861910E-09    0.130594207406210501E+03    0.540134039003016824E+02    0.135460060240889912E+00    0.451079136988337293E+00   -0.710635941381246750E+00    0.111575551003349716E+03
    0.104491315785615597E-08    0.128065603065259552E+03    0.349715054777311778E+02    0.384312156411106554E+00    0.417851616329814157E+00   -0.386173110978396683E+00    0.254125494633852327E+03
    0.484326896813779903E-08    0.124798290825358364E+03    0.458959468197356983E+02    0.304109670364757945E+00    0.473444259723321881E+00   -0.941789706724499798E+00    0.346075780528882362E+02
    0.690328404138588029E-08    0.123889476131321061E+03    0.356872312293127294E+02    0.163229249637115076E+00    0.382175388375089853E+00    0.202737014228802526E+00    0.157943953417590421E+03
    0.649774102267006409E-08    0.123810561461079743E+03    0.590854021586564038E+01    0.200575984380280348E+00    0.366890377744544860E+00    0.982303665427591177E+00    0.107230402351991557E+03
    0.843335550277567169E-08    0.123089081152427624E+03    0.406226946024218307E+02    0.258388433670172057E+00    0.430339181399181758E+00   -0.485925009323574297E+00    0.254687508346381378E+03
    0.924825078905784313E-08    0.122704601764614111E+03    0.130125004982831491E+02    0.145153278965967164E+00    0.447273264933979897E+00    0.716311982361440419E-01    0.116631736831477426E+03
    0.100268073875691157E-07    0.122342946134167676E+03    0.272302180633782669E+02    0.168714207000973809E+00    0.396676811939752572E+00    0.557811155334251990E-01    0.140841969562734448E+03
    0.122755488397415669E-07    0.121738251854774163E+03    0.104846750515364029E+02    0.138765884990090238E+00    0.402786008760834036E+00    0.503584668462266460E+00    0.136377628446620918E+03
    0.122178961866175534E-07    0.121547667069258623E+03    0.294079421225123596E+02    0.171238253417571901E+00    0.364873358230179079E+00    0.436749318901665184E+00    0.310835683383436105E+03
    0.925200103252331435E-07    0.117298620726200198E+03    0.262609102371137695E+02    0.265192880653006391E+00    0.375895484612105535E+00    0.272123830493783525E+00    0.261845591570899728E+03
    0.889755669723722004E-07    0.117176747016842683E+03    0.170441197448998238E+02    0.238366409041314092E+00    0.381265650631117503E+00    0.378994677192456830E+00    0.389203594616701594E+03
    0.826410237147567446E-07    0.117124458199372853E+03    0.682072933285621374E+01    0.212861040804372986E+00    0.411646322082388771E+00    0.431895208392446606E+00    0.192284588307443755E+03
    0.106898586971329358E-06    0.116409709424697255E+03    0.151530197907545450E+02    0.509099804874934003E+00    0.393568291961577721E+00    0.190916244907795352E+00    0.123472772136435822E+03
    0.189138959499341454E-06    0.115068506663421246E+03    0.324089673149690682E+02    0.263713640955090867E+00    0.422034683374090003E+00   -0.296005467058058525E+00    0.142212749365917119E+03
    0.201399571753191275E-06    0.114742888916261492E+03    0.151046947672593177E+02    0.236701797901570338E+00    0.341589691266598605E+00    0.749145212990366849E+00    0.393187363457207425E+03
    0.187325647147429376E-06    0.114687773562283240E+03    0.483775027396239565E+01    0.301776808752276471E+00    0.339971670405581849E+00    0.933270727987348558E+00    0.324870046884211433E+03
    0.469114420367461623E-06    0.112651777213407485E+03    0.624403497276815056E+01    0.279787770944814163E+00    0.410662070508526655E+00    0.510020995391841869E+00    0.175584142186075155E+03
    0.539307352422419201E-06    0.112172899353086549E+03    0.803239737540158671E+01    0.147787849778063474E+00    0.357189278734330595E+00    0.946620725521823858E+00    0.357243173955939085E+03
    0.704104223604883517E-06    0.111439617843939132E+03    0.731252800770561251E+01    0.311871367612359451E+00    0.365071246045804543E+00    0.582839607303390128E+00    0.276043333669724234E+03
    0.683910872648497505E-06    0.111297815412152914E+03    0.280753965364379923E+02    0.346830207557525305E+00    0.429821955402254652E+00   -0.377595772985277023E+00    0.126260123027084362E+03
    0.742358752224535581E-06    0.110933805384354500E+03    0.129739032723958054E+02    0.601051047729925458E+00    0.377418031007617394E+00    0.136643095385171442E+00    0.116036456467899200E+03
    0.786643752073399441E-06    0.110617919663712627E+03    0.817888556019371293E+01    0.596453926513588084E+00    0.415985104330050759E+00    0.108677616077276648E+00    0.104165001186864345E+03
    0.952355481471316506E-06    0.110035593884126797E+03    0.753828371339669445E+01    0.629080275829224767E+00    0.371864559711371501E+00    0.422284757530898058E+00    0.252160903110720824E+03
    0.113981641836771789E-05    0.109476225640324245E+03    0.162026887741114898E+02    0.264861098671658357E+00    0.365326520197590598E+00    0.460504013795050904E+00    0.228630881106741867E+03
    0.103318819588890027E-05    0.109472661351428840E+03    0.201729692935609179E+02    0.390612558444647484E+00    0.420435135737428189E+00   -0.254560527775768985E+00    0.730906152845644499E+02
    0.101920533904542586E-05    0.109299913577584604E+03    0.166830132839769192E+02    0.429755508211747239E+00    0.386632722619518920E+00    0.180541287062178896E+00    0.229199707389153161E+03
    0.137894011159786356E-05    0.108495329728152299E+03    0.305629235347086547E+01    0.815011984706991321E+00    0.417522802150548766E+00    0.146460422005130819E+00    0.788771683076688106E+02
    0.285436460105814835E-05    0.106840261542579356E+03    0.116970617621149628E+02    0.299449626709953398E+00    0.356991925685299361E+00    0.705740650541540337E+00    0.302120193604827421E+03
    0.352774374612855143E-05    0.106216643063783934E+03    0.115603339626063395E+02    0.379127151861288925E+00    0.398577086138389269E+00    0.131215470414501489E+00    0.253532483909517964E+03
    0.341534041802526701E-05    0.106081405723713161E+03    0.606316787870076546E+01    0.480796163558959377E+00    0.376916257705183944E+00    0.596963255714012542E+00    0.243822411701579313E+03
    0.443100773494497442E-05    0.105360705990444401E+03    0.465667009657348441E+01    0.722853762121836940E+00    0.339567202839203885E+00    0.847771688470194240E+00    0.188938904752463259E+03
    0.625617918851527197E-05    0.104470820775165819E+03    0.330026489974793158E+01    0.871878173912396304E+00    0.348562704007370050E+00    0.630188030349453809E+00    0.169450516656836555E+03
    0.103286244858609737E-04    0.103268121832082670E+03    0.824669830036850016E+01    0.801045917591232337E+00    0.415125114849741017E+00   -0.822946078214464721E-01    0.527276300013597279E+02
    0.134854774063292081E-04    0.102534733348695966E+03    0.608799382942414091E+01    0.692837590765933986E+00    0.404390041860377913E+00    0.143259216543987156E+00    0.212618270012252140E+02
    0.134400647407953951E-04    0.102341479761948690E+03    0.702871217658401726E+01    0.408284995818179786E+00    0.356222360188077625E+00    0.793208531739175826E+00    0.222968556962072967E+03
    0.188531013214772573E-04    0.101464605212763701E+03    0.517019177521838724E+01    0.526444133088647126E+00    0.394943816766516131E+00    0.319437865960563783E+00    0.629551445281646807E+02
    0.228462402040957372E-04    0.100880386943539875E+03    0.659507869759975307E+01    0.401770785939768893E+00    0.371168104812368560E+00    0.631942452499004714E+00    0.269718668276572714E+03
    0.227842808480556785E-04    0.100685818342760456E+03    0.618304669847899113E+01    0.516422154537463429E+00    0.423876424441245958E+00   -0.164921557987426082E-01    0.103437006446120805E+03
    0.220729456876018375E-04    0.100549254703011755E+03    0.726914407089462511E+01    0.580265630274224620E+00    0.348511784657312251E+00    0.691193388582247881E+00    0.215556115152669804E+03
    0.348400472039014849E-04    0.994364250524424165E+02    0.766709961099291171E+01    0.478356071672811134E+00    0.407180513695255930E+00    0.178300707897031951E+00    0.163546737920585031E+03
    0.478529574875057333E-04    0.986016942192417361E+02    0.101965498434794988E+02    0.458856285585098944E+00    0.399635361817769708E+00    0.155927889442185136E+00    0.161446238101370113E+03
    0.572305850070206219E-04    0.980437831493563721E+02    0.898325749506443572E+01    0.437293748332732046E+00    0.370037706805489752E+00    0.466975605723920051E+00    0.286845503913126151E+03
    0.619823561187757483E-04    0.976842605345315036E+02    0.596672158956376464E+01    0.797466035432293552E+00    0.366682944569859781E+00    0.428260951773202725E+00    0.742477734870138022E+02
    0.842826824117740790E-04    0.968696072345389609E+02    0.601254635057562137E+01    0.454459513033873330E+00    0.368709219828306900E+00    0.514344037125486597E+00    0.229379233566699043E+03
    0.110842237487186472E-03    0.961217442533002071E+02    0.367881924629688717E+01    0.716434714508010217E+00    0.388363386122697107E+00    0.235431975536182170E+00    0.688375494435231730E+02
    0.169588514457516250E-03    0.950712100667511777E+02    0.666932996835922154E+01    0.545578427420278844E+00    0.350134514361549465E+00    0.653780496212201911E+00    0.165840512010093619E+03
    0.176345259295835135E-03    0.947930725182407343E+02    0.551583022822625146E+01    0.524190042331889372E+00    0.375022757514059890E+00    0.523902094104237048E+00    0.119374340125575856E+03
    0.255275442285300843E-03    0.938532738101148425E+02    0.453791654525260491E+01    0.724820743434827497E+00    0.360564903058383845E+00    0.588000696256289923E+00    0.826378337477142964E+02
    0.363834728042528662E-03    0.929445606247855807E+02    0.568162639511836787E+01    0.565291118151797445E+00    0.395862256162101300E+00    0.283227940363293795E+00    0.106268693810226637E+03
    0.412913958121607764E-03    0.924914815913413406E+02    0.581836944091318298E+01    0.601037536204893086E+00    0.358811689126191324E+00    0.614641906856510212E+00    0.205437219339253375E+03
    0.837252002256359622E-03    0.908777098598840496E+02    0.421533781261665830E+01    0.758464652232341940E+00    0.379647262329917412E+00    0.391674758907006204E+00    0.640442861141027606E+02
    0.793928044791308960E-03    0.907839743992583550E+02    0.641550043173260320E+01    0.528082731788676485E+00    0.362244860426671533E+00    0.572646095334368721E+00    0.174688908224525505E+03
    0.776758183574399502E-03    0.906277018984058316E+02    0.586496972252343607E+01    0.686829048500209538E+00    0.374325380780768158E+00    0.247474335718637695E+00    0.101798151396415236E+03
    0.733279578516135805E-03    0.905429059742261728E+02    0.574329351756036122E+01    0.648210109759692066E+00    0.373729001799453064E+00    0.340173345164347996E+00    0.225854916243155287E+03
    0.838993293295121055E-03    0.900735546406694425E+02    0.303997327310394194E+01    0.905732000393358883E+00    0.392530740202922335E+00    0.193421891608502872E+00    0.464043756586328300E+02
    0.102876177152299089E-02    0.894657376772114219E+02    0.662975661464371058E+01    0.577290284063517678E+00    0.373003819790343139E+00    0.351854316295133751E+00    0.202043337479492038E+03
    0.109142627730072226E-02    0.891474788038555346E+02    0.571772904363637391E+01    0.861340357379782984E+00    0.388490373626309948E+00   -0.327452611562971327E-01    0.103840862381364119E+03
    0.101312549031774249E-02    0.890963693132513868E+02    0.351767382408211926E+01    0.847688129986602368E+00    0.420866735664340852E+00   -0.559214858833703074E-01    0.385992960322667926E+02
    0.132918563376684899E-02    0.883533166096787994E+02    0.607656087680699386E+01    0.622535559958916407E+00    0.373755808525824407E+00    0.361046758051522088E+00    0.925245875000000240E+02
    0.197649359210759490E-02    0.873598007847797930E+02    0.371125222151205492E+01    0.771391600542082334E+00    0.372546414930181369E+00    0.403157822021342649E+00    0.788272769311286794E+02
    0.235497904141632099E-02    0.868093858525623858E+02    0.467681929575086208E+01    0.686025234577373078E+00    0.396955570474537389E+00    0.190736323341788555E+00    0.813213467683279276E+02
    0.221675614751584054E-02    0.867303596432275583E+02    0.550159093892260298E+01    0.613210354498307519E+00    0.374181075113232231E+00    0.387367638382918933E+00    0.124419650217870512E+03
    0.241235931096026425E-02    0.863612390365379241E+02    0.496856499818665398E+01    0.707677425803185600E+00    0.384097596622208770E+00    0.286878492001548691E+00    0.153445724943916559E+03
    0.294765582335089699E-02    0.857604290715804893E+02    0.408771848087760503E+01    0.777625772589356168E+00    0.404085299758143224E+00    0.111687767696173959E+00    0.626748718911898237E+02
    0.316608173209633132E-02    0.854174599548058637E+02    0.494992580196358389E+01    0.733691323397275941E+00    0.367112817307239436E+00    0.419804076111697677E+00    0.137146718081594088E+03
    0.305429259088585078E-02    0.852893534922013430E+02    0.444686433629639843E+01    0.925642498622351262E+00    0.379064684030097798E+00    0.156439393460907239E+00    0.524999780729061598E+02
    0.286381758185519277E-02    0.852181384010310126E+02    0.322367490322804917E+01    0.101394546088505555E+01    0.390140576747433798E+00    0.410870484014094761E-01    0.895229772170299753E+02
    0.272278974664741727E-02    0.851191355145058566E+02    0.318751997795120356E+01    0.908731125417963193E+00    0.409717974294347254E+00   -0.280686582879457122E-01    0.665592919359008732E+02
    0.264061299285912269E-02    0.849804273392578864E+02    0.397230450549888481E+01    0.842966852311207049E+00    0.388305595504333245E+00    0.177120437636493266E+00    0.359167273967906269E+02
    0.266972778044002879E-02    0.847584964835520935E+02    0.351145998804749704E+01    0.103636619902767824E+01    0.443044328539001275E+00   -0.450954815850404866E+00    0.426097033214327467E+02
    0.265875303334165564E-02    0.845667350513545415E+02    0.456426950550704014E+01    0.739483213417559626E+00    0.377733873294444855E+00    0.352986563259851172E+00    0.130920949895555054E+03
    0.248918346826870578E-02    0.844985400435829916E+02    0.502436791049388631E+01    0.659703921563627338E+00    0.377877416198141358E+00    0.340807977217818026E+00    0.136113515143101722E+03
    0.247131306949827882E-02    0.843129502752557016E+02    0.388363840003542737E+01    0.101873324867859449E+01    0.382300727810639174E+00    0.132227105113924992E+00    0.613697450801791717E+02
    0.298700872641718225E-02    0.837339045868079097E+02    0.444906691879678995E+01    0.816504030711980966E+00    0.430926044411097442E+00   -0.193963774584219595E+00    0.510846179951132626E+02
    0.349207371117760948E-02    0.832214580155196870E+02    0.493231703700708302E+01    0.784498453551479513E+00    0.426134688823031960E+00   -0.219370915588916054E+00    0.819863096110648684E+02
    0.359505405081611031E-02    0.829633314560831110E+02    0.588394740021670692E+01    0.693774801692779164E+00    0.383823061778861274E+00    0.184797955339632031E+00    0.120034418987217975E+03
    0.372139141683788506E-02    0.826942542379279075E+02    0.495274347131743387E+01    0.883864397947645708E+00    0.381100628022813637E+00    0.161448155220048933E+00    0.763021760924878834E+02
    0.347581643015863794E-02    0.826307907174935536E+02    0.515380162428078847E+01    0.736305595384533662E+00    0.383045718407231395E+00    0.197403004541454763E+00    0.142990709927119894E+03
    0.330562922732911303E-02    0.825311958248655628E+02    0.422706849988892586E+01    0.780042287486566788E+00    0.381325113280773120E+00    0.267828559622633522E+00    0.129483748465429471E+03
    0.317791227209367200E-02    0.824100005822379416E+02    0.435607070036381128E+01    0.834883387056711501E+00    0.374681047301521963E+00    0.267092136844749195E+00    0.960629879138584215E+02
    0.296055461329081159E-02    0.823516962679190812E+02    0.548246622347441104E+01    0.752280803398836073E+00    0.387529121590746095E+00    0.957912829129510535E-01    0.123092500212216564E+03
    0.525884065720024722E-02    0.810026283180382194E+02    0.513451014755965485E+01    0.754221113901643481E+00    0.383748281492732768E+00    0.178110508915000354E+00    0.120819866168523802E+03
    0.612034834537055622E-02    0.804992114800329546E+02    0.503568069417712927E+01    0.855856384740831366E+00    0.386516815657970914E+00    0.924289538568658642E-01    0.586532179490239258E+02
    0.556520222387033286E-02    0.804893828630212340E+02    0.415955692363759866E+01    0.857477276971623237E+00    0.398310375489547452E+00   -0.200668300336062956E-01    0.104681075447735807E+03
    0.830605097360734117E-02    0.794884809438944444E+02    0.407447147045586533E+01    0.900529951239123494E+00    0.426478367148063919E+00   -0.247721899857354516E+00    0.609955856489434609E+02
    0.835023274287764045E-02    0.792778706844524805E+02    0.307774710645438443E+01    0.113628269539817905E+01    0.401830615253041201E+00   -0.896104744846335510E-01    0.251787947951590176E+02
    0.891421936937799447E-02    0.789471541406888520E+02    0.412863742968655068E+01    0.957861010921668421E+00    0.390087320182452069E+00    0.321846856667713718E-01    0.409397575389170143E+02
    0.990997664460965128E-02    0.785353655250194720E+02    0.501159987280448416E+01    0.804136707255110661E+00    0.416690392566128387E+00   -0.165756430175089925E+00    0.614794431813897546E+02
    0.133738375758795432E-01    0.777358487506170519E+02    0.471839590226985361E+01    0.844740289090850083E+00    0.419383490238237178E+00   -0.221105713172779050E+00    0.716157856393801495E+02
    0.142435967387657212E-01    0.774098346000773745E+02    0.448354112407009708E+01    0.830137169094626870E+00    0.401009514183412852E+00   -0.193879219959693719E-01    0.841048148301255196E+02
    0.142220776822625222E-01    0.772128584610664603E+02    0.538766555808136616E+01    0.838149775416665355E+00    0.395981372566005740E+00    0.370482163052398466E-02    0.750578682963206774E+02
    0.155864480173799266E-01    0.768296458684626771E+02    0.419064675788448948E+01    0.104702097822750817E+01    0.430004633554291582E+00   -0.346051814747039554E+00    0.285197836136208451E+02
    0.201452679558854625E-01    0.761165106683696138E+02    0.538934122325264742E+01    0.889563247707211402E+00    0.403051457223845722E+00   -0.151717394566101782E+00    0.505903765968251236E+02
    0.184968938216884468E-01    0.760872438752843721E+02    0.351532493935997570E+01    0.114639543026358326E+01    0.419591534595742166E+00   -0.302511436194123629E+00    0.146691191576481792E+02
    0.220499489168754469E-01    0.755358289378077785E+02    0.399001003275653421E+01    0.104440576765610893E+01    0.399623408271533531E+00   -0.884586352323436659E-01    0.461576440963072088E+02
    0.233826106343311864E-01    0.752184642865646254E+02    0.489644260797322595E+01    0.978867650037662851E+00    0.420296395665181122E+00   -0.352931300930023950E+00    0.191437867446013072E+02
    0.218135234195137584E-01    0.751573892725817956E+02    0.386054890014186336E+01    0.101185533632433700E+01    0.420403019046227899E+00   -0.242877691228767539E+00    0.436149139408878170E+02
    0.227947675377969186E-01    0.748693874768654410E+02    0.427434010173286349E+01    0.100534143367135842E+01    0.415943966691653788E+00   -0.247576526300849170E+00    0.217284163846365743E+02
    0.270775696218564857E-01    0.743250381163353211E+02    0.618292104351728788E+01    0.899922124989232852E+00    0.431620804781017053E+00   -0.484072381353623460E+00    0.541376200560488670E+02
    0.256761768687272553E-01    0.742313223243775866E+02    0.493265261507120645E+01    0.916646835913767166E+00    0.425263593042855437E+00   -0.343732764811711389E+00    0.590714243442433116E+02
    0.242183190898875543E-01    0.741482308402425758E+02    0.496962333225351305E+01    0.929383705314693720E+00    0.430136775406386673E+00   -0.379757181509279784E+00    0.310705858645721378E+02
    0.237920438436228510E-01    0.739837470431890267E+02    0.410205670234392361E+01    0.965465035121993109E+00    0.427371758933196288E+00   -0.338782680849028850E+00    0.313393770391120619E+02
    0.220273015419652496E-01    0.739378841818774362E+02    0.564550733595497078E+01    0.898901135210380731E+00    0.415314196255972157E+00   -0.269450444366437947E+00    0.611741824942182006E+02
    0.206329999509881554E-01    0.738686660413427774E+02    0.525552216239173831E+01    0.102778077313335059E+01    0.443909486437978007E+00   -0.605466075183827446E+00    0.352974319233893539E+02
    0.212404843829520316E-01    0.736106315055232727E+02    0.512344019127704886E+01    0.896043177488380249E+00    0.418851670804792575E+00   -0.305816691068280855E+00    0.489456924857179700E+02
    0.241202110351053899E-01    0.731563492657917607E+02    0.433801966465857802E+01    0.948061033366754624E+00    0.402448040622493841E+00   -0.105478919359685952E+00    0.537309549366259915E+02
    0.224010281089751517E-01    0.731042357971384860E+02    0.345508938287606071E+01    0.104985678156721018E+01    0.425390659725417675E+00   -0.349761583104048757E+00    0.371129143055604658E+02
    0.238549623554595823E-01    0.727784649863776991E+02    0.482354006949104352E+01    0.938416219060100754E+00    0.408995611833869510E+00   -0.204090276819268834E+00    0.437256704125213886E+02
    0.226507931051932176E-01    0.726820597742024859E+02    0.481759550215115784E+01    0.918043822776651863E+00    0.416903771323256400E+00   -0.279006751789444729E+00    0.564491420308591856E+02
    0.217629245057830815E-01    0.725620338857965095E+02    0.520212295284308457E+01    0.103467681858478766E+01    0.439643191926805121E+00   -0.550981131791505097E+00    0.203623932760977198E+02
    0.213597133061899057E-01    0.723994363241840091E+02    0.548247653092517417E+01    0.938986764861526213E+00    0.427498930031419755E+00   -0.396268227533633888E+00    0.394799845599316512E+02
    0.203364625359371311E-01    0.722976185904490052E+02    0.552303068557637822E+01    0.984499795489759522E+00    0.448304469667310690E+00   -0.648180304058143086E+00    0.263737628986325063E+02
    0.202062953324851358E-01    0.721104610962433838E+02    0.549568897275224089E+01    0.960246423589680265E+00    0.437014609179169289E+00   -0.575796053998021029E+00    0.398066104952082398E+02
    0.186282807351914742E-01    0.720730877169791313E+02    0.410948109137844497E+01    0.104899023010468095E+01    0.436362776733128344E+00   -0.469566026751466692E+00    0.325756756619469883E+02
    0.176167313832067372E-01    0.719847513137206505E+02    0.458408330044130086E+01    0.102348746331192908E+01    0.421189481869664650E+00   -0.327221189482213459E+00    0.395983045715614708E+02
    0.176450606181764239E-01    0.717815377230938907E+02    0.566236713624154131E+01    0.953569370455671250E+00    0.432730789668661797E+00   -0.518937669685102354E+00    0.448019108410763565E+02
    0.159946402264881660E-01    0.717779421476481474E+02    0.376745610103205752E+01    0.102342807196823404E+01    0.419740012806954166E+00   -0.317254833059457453E+00    0.323963197175656106E+02
    0.146983172534109943E-01    0.717469834788478664E+02    0.537428520348667149E+01    0.100306976744299070E+01    0.436795110958024535E+00   -0.576424014405529817E+00    0.430642641638269055E+02
    0.161938475525517725E-01    0.713531867294047402E+02    0.516985128126598514E+01    0.960854163588018784E+00    0.422617375029234965E+00   -0.386722864248410514E+00    0.346823544203387399E+02
    0.149443828374262525E-01    0.713137785096091932E+02    0.568557598198116665E+01    0.969416840612632336E+00    0.434805062279445542E+00   -0.568940563789285370E+00    0.365087871858494779E+02
    0.160660796085925622E-01    0.711656968995977621E+02    0.441499325933880105E+01    0.111443604598068347E+01    0.444110778874785894E+00   -0.613159489547337788E+00    0.147763995754732989E+02
    0.220635204142239361E-01    0.705312661158837528E+02    0.486349380866633574E+01    0.969301245108188492E+00    0.422736149164322506E+00   -0.365726991534086943E+00    0.396486569464969349E+02
    0.152484224005342683E-01    0.712701651881571934E+02    0.434969733452104901E+01    0.110004576283559041E+01    0.450546762125893563E+00   -0.660221561547951752E+00    0.182178218411420758E+02
    0.367349845186087792E-01    0.695116581699953997E+02    0.515209172658854442E+01    0.101178352795656568E+01    0.427059815994072278E+00   -0.469439334974883771E+00    0.330335417434571852E+02
    0.186613632834074818E-01    0.708662067815054968E+02    0.427344784421562096E+01    0.104870199995392377E+01    0.418179673439505906E+00   -0.323475015613984951E+00    0.254566347232386008E+02
    0.205497504913876305E-01    0.706734196866105293E+02    0.503324965104179523E+01    0.101544766259484787E+01    0.433635495899619916E+00   -0.485033286308556522E+00    0.297714743349981177E+02
    0.246520251310751067E-01    0.703093991802049914E+02    0.470625241296919672E+01    0.992977596270115836E+00    0.418025554848374115E+00   -0.319223688833738639E+00    0.411512105002321391E+02
    0.334744695150232668E-01    0.696975511967650618E+02    0.421273524901369889E+01    0.107214089208050112E+01    0.423411311485732522E+00   -0.415883542903326686E+00    0.225145561647402062E+02
    0.193686540266975772E-01    0.707918053103060458E+02    0.415306999353667727E+01    0.101587184587933765E+01    0.430598673534789145E+00   -0.417240455800497623E+00    0.339763993867241894E+02
    0.238356205490757624E-01    0.703767550382281968E+02    0.497383093834264844E+01    0.989260862603784541E+00    0.432987613772903790E+00   -0.483558270540995094E+00    0.376019395420994726E+02
