    0.214044204210610056E-89    0.468441141543797812E+03    0.187024948300843619E+02    0.103703307109300522E+00    0.537706499144768313E+00   -0.518150110771382205E-01    0.336788734022311473E+02
    0.151827403728478259E-82    0.436691826604947948E+03    0.111892157223379641E+03    0.103495498664947061E+00    0.333458711468560820E+00    0.972890819624190439E+00    0.245990555775459086E+03
    0.182354000302039339E-81    0.431520245457722353E+03    0.509649589331442598E+02    0.186656823127600652E+00    0.444548006332144807E+00   -0.907664100165692433E+00    0.213111836712154656E+03
    0.168687173850595476E-59    0.330162309160354425E+03    0.203394789836747947E+02    0.815858161388600817E-01    0.696071784768664492E+00   -0.180698149037939881E+01    0.229774566226307115E+02
    0.693292145195460054E-47    0.271873455890554283E+03    0.699448129428689356E+02    0.753288728041821704E-01    0.335408345689167497E+00    0.110986303440583156E+01    0.201666438411353113E+03
    0.150090295225556862E-38    0.233287353006937678E+03    0.336193502187115740E+02    0.206988928553355239E+00    0.438737212152709000E+00   -0.307040489403730854E+00    0.106793297163418231E+03
    0.299496104982690009E-29    0.190259092670548199E+03    0.246236553099659403E+02    0.492785444153542973E+00    0.425706885302497062E+00   -0.892169558537085350E+00    0.471121934353824798E+02
    0.202322457390170932E-27    0.181633229626692525E+03    0.883051109252500908E+02    0.945031917389828752E-01    0.350624642061363234E+00    0.922566480996307670E+00    0.992897656152176893E+02
    0.256547419676783967E-22    0.157932477154324459E+03    0.785409093329771508E+02    0.117511755019086284E+00    0.301126854940958200E+00    0.211272565469454099E+01    0.404303859320977921E+01
    0.290121959230226955E-20    0.148276161054176384E+03    0.646201091403755896E+02    0.173549049182136483E+00    0.276487341855148339E+00    0.191844249060743621E+01    0.113065870910224675E+03
    0.524203650901491007E-20    0.146893003310312935E+03    0.662148100104178923E+02    0.143303294967106420E+00    0.313331982315051105E+00    0.107466132310872942E+01    0.668076256890911964E+02
    0.848942451338976437E-19    0.141123610835555127E+03    0.271783701704062644E+02    0.139483084116311690E+00    0.243100019024810987E+00    0.270914059898683846E+01    0.834279736908526814E+02
    0.672724993945877739E-16    0.127573409839491788E+03    0.464780647297582519E+02    0.199236757106026036E+00    0.518416801575904973E+00   -0.194964318398451653E+01    0.173364148893436791E+02
    0.105391971550415366E-15    0.126475539967609194E+03    0.354312922262820393E+02    0.158970659163000849E+00    0.356373358743735380E+00    0.385802087640154223E+00    0.123871889554138235E+03
    0.387759560638298414E-14    0.119064971788616234E+03    0.551079884512361531E+02    0.158155482442429329E+00    0.244847752378355765E+00    0.240810900289134189E+01    0.694580677868098491E+02
    0.167209567456926870E-13    0.115942076678256626E+03    0.170626293060306438E+02    0.783734103969713491E-01    0.785150619500600389E+00   -0.234736352151782723E+01    0.691941089779618679E+01
    0.636224586581487457E-13    0.113069469270423383E+03    0.327480953640098136E+02    0.269413027318840037E+00    0.241551449795195688E+00    0.240681326131552709E+01    0.371333333707528368E+02
    0.107077634825062773E-12    0.111828294072592470E+03    0.389082232891331188E+02    0.106749811605037992E+00    0.578545670183861271E+00   -0.150524480516363912E+01    0.287555565474917429E+01
    0.169555995243244043E-12    0.110709035878195152E+03    0.225269481809781098E+02    0.213676753990648227E+00    0.268463638908726487E+00    0.193480170116060135E+01    0.315896653602158111E+02
    0.269860157538405559E-12    0.109579594553998746E+03    0.923316586198484259E+02    0.103868155597352116E+00    0.469429665327779799E+00   -0.850236891344026691E+00    0.396323030979736046E+02
    0.109002827857140355E-11    0.106587484496499940E+03    0.125306964369835629E+02    0.155647646222767000E+00    0.447465895910019118E+00    0.169346525140305904E+00    0.843894094655294325E+01
    0.253543743761835154E-11    0.104699159412846356E+03    0.401391790761389373E+02    0.188769791836327500E+00    0.423913337663572753E+00   -0.704490379995424409E+00    0.863240178439073134E+02
    0.124394290159174408E-10    0.101318149401164703E+03    0.420852282701333422E+02    0.139167022852271116E+00    0.462117120884271371E+00   -0.513675425371616701E+00    0.267071807552828595E+02
    0.227550102376642823E-10    0.999103210728422795E+02    0.683547665985793742E+02    0.181460476378319163E+00    0.404985925810132152E+00   -0.278136731081932043E+00    0.501406301937372163E+02
    0.267129764985524274E-10    0.993895928585504436E+02    0.619414631722192652E+02    0.107125492993679891E+00    0.460838348643823614E+00   -0.976738657252145148E+00    0.845780169369526504E+02
    0.245738107097980237E-10    0.993565292344943316E+02    0.471895346833428775E+02    0.150253063140723730E+00    0.563042083609914701E+00   -0.159206777046106862E+01    0.998323517213691680E+01
    0.253133437738031438E-10    0.990972284184261838E+02    0.497447512536506338E+02    0.967570466548109687E-01    0.418885054240927923E+00   -0.525344158420681273E+00    0.114677148107699580E+03
    0.522905632523348222E-10    0.974462599359064825E+02    0.168900199482567004E+02    0.183855641996579167E+00    0.515874121245192607E+00   -0.129762602927361326E+01    0.329168150303869282E+02
    0.542857732902750770E-10    0.971713673944146734E+02    0.487920697084185520E+02    0.997004346143452180E-01    0.393767454817702145E+00   -0.163797114441963793E+00    0.453316579347654880E+02
    0.553654020390849499E-10    0.969319820021268441E+02    0.465379182516088434E+02    0.124468925901343827E+00    0.530808754163173524E+00   -0.182811133823252181E+01    0.455916271890634874E+02
    0.777842456056218524E-10    0.960520139515232927E+02    0.445345589807080984E+02    0.174270457391452471E+00    0.411182787432781804E+00   -0.145714939994854548E+00    0.645170886777302286E+02
    0.209093582939586921E-09    0.938743279415778744E+02    0.634605204250955239E+02    0.776328661966511763E-01    0.566817530138530534E+00   -0.180557317458222721E+01    0.152411477211383133E+02
    0.789524745654919963E-09    0.910170294222840539E+02    0.282797314451580135E+02    0.102200746609953971E+00    0.689916300368577873E+00   -0.259001771271328662E+01    0.717863811167373811E+01
    0.184422728333215696E-07    0.845150902853592498E+02    0.302256897728867671E+02    0.103712479655096362E+00    0.439585096170527934E+00   -0.552667158919853296E+00    0.100910890151301700E+03
    0.184074859047365934E-07    0.843188663685804158E+02    0.367626864101763786E+02    0.143585839399341803E+00    0.521552163919856260E+00   -0.132819436434147087E+01    0.104231997894387760E+02
    0.414970632683853485E-07    0.824931358974006912E+02    0.320461319775619700E+02    0.167241946545895193E+00    0.547880967392980756E+00   -0.171635534533645906E+01    0.227974760131669143E+02
    0.541375704149467303E-07    0.817613244032146724E+02    0.611686378132856419E+02    0.119109536944142641E+00    0.435696845556310663E+00   -0.815895821952997147E+00    0.389446407330243716E+02
    0.123103590457668958E-06    0.799183288181020686E+02    0.839602966495528165E+02    0.132217842581263068E+00    0.514047157391212761E+00   -0.158231854151770635E+01    0.263473384155884993E+02
    0.170105350727880848E-06    0.790715453070852448E+02    0.156603101028698806E+02    0.170365153480405651E+00    0.466239775267347833E+00   -0.797291530774853818E+00    0.654100344285625397E+02
    0.620084752568643880E-06    0.762846688848552503E+02    0.610217987624206302E+02    0.212386481490909107E+00    0.499155033125888214E+00   -0.144446006926050385E+01    0.901824946996351251E+01
    0.142031911175119451E-05    0.744271075137648523E+02    0.592951906866356779E+02    0.184713731042290163E+00    0.470281317978906432E+00   -0.132769924755114199E+01    0.426992379937245090E+02
    0.611459552370330399E-05    0.713075134156407557E+02    0.121493565103268377E+02    0.141643203911802351E+00    0.365464583128976117E+00    0.285473340653756236E+00    0.149146906126262536E+03
    0.801376346041956787E-05    0.705665496677005279E+02    0.412732778399352469E+02    0.116230616366376910E+00    0.451074307998020840E+00   -0.963581813537859433E+00    0.680768733454482486E+02
    0.833397044268084285E-05    0.702881906868686031E+02    0.173903975818797711E+02    0.968346623337665718E-01    0.390952845522721859E+00    0.196273851476718025E+00    0.116684920321649003E+03
    0.138341580430391609E-04    0.690745891509462524E+02    0.371120535675352272E+02    0.162853411987278429E+00    0.438784090335495536E+00   -0.774644832159702146E+00    0.705412690229446326E+02
    0.132596436793582592E-04    0.689594204345606272E+02    0.159213107428029641E+02    0.760239214068919728E-01    0.380357311898781747E+00    0.527228963931224148E-01    0.124055518860397115E+03
    0.231193568257171401E-04    0.676475302107467087E+02    0.157800407617059761E+02    0.343624108143426921E+00    0.486506797165863702E+00   -0.111446872348876291E+01    0.280321791803795790E+02
    0.228000723294129450E-04    0.674753432430713360E+02    0.296134462099217259E+02    0.170370974761300281E+00    0.469942537095229318E+00   -0.104556491721191014E+01    0.159474524127742168E+02
    0.579098053016103800E-04    0.654110972213749449E+02    0.171283502285930709E+02    0.102545149149417758E+00    0.398363921564734547E+00   -0.190429882195002231E+00    0.105057023601136137E+03
    0.538500044640042406E-04    0.653564656866685993E+02    0.249562308110642448E+02    0.858326496121166738E-01    0.402629762361499388E+00   -0.133451660038396508E+00    0.107816337353475433E+03
    0.533814262500685423E-04    0.651739449348088868E+02    0.181188447992428969E+02    0.554109889408760936E+00    0.496081483185017658E+00   -0.120021429984788797E+01    0.673617773898137528E+01
    0.502613876349867708E-04    0.650943963779342738E+02    0.130058031912464767E+02    0.191739285749068622E+00    0.436373579759297914E+00   -0.473527098212416897E+00    0.801742908920549837E+02
    0.507932706082355671E-04    0.648733429047315866E+02    0.106040583713233172E+02    0.251074274913927031E+00    0.456982631667100569E+00   -0.613980894315369286E+00    0.232509824657563868E+02
    0.473346807873169530E-04    0.648143841879361133E+02    0.190322206581652829E+02    0.372416785106371162E+00    0.427649099130412602E+00   -0.432958173282968262E+00    0.486037586289741199E+02
    0.543226433428163971E-04    0.643389883706885257E+02    0.189260488494899377E+02    0.238556154494327155E+00    0.427170690852966384E+00   -0.398266728166156103E+00    0.748636446375663240E+02
    0.155407084288788363E-03    0.620367746109905909E+02    0.236447629375014863E+02    0.213286664828126776E+00    0.407321020298706260E+00   -0.227930966293249632E+00    0.661637028656421649E+02
    0.180099599733803687E-03    0.615418506002412968E+02    0.969291308285101394E+01    0.106279817334867258E+00    0.385866482805948374E+00    0.357173797455998976E+00    0.131081595443971395E+03
    0.171418751350897736E-03    0.614406518570802689E+02    0.125698437777851435E+02    0.204165900366616082E+00    0.394605537726334665E+00    0.146893429480728893E+00    0.949913437843170527E+02
    0.221004183839911976E-03    0.607325073941856601E+02    0.154226100512894337E+02    0.129000025066511925E+00    0.411605852129561189E+00   -0.641869712645811406E-02    0.686171702250550197E+02
    0.336826131601942048E-03    0.596897369251671321E+02    0.257768623241692936E+02    0.287122080723113959E+00    0.462023838827093414E+00   -0.856319382398315621E+00    0.264542666178499175E+02
    0.313160259207697451E-03    0.596354405201556759E+02    0.353509287153789415E+02    0.169952376677363015E+00    0.449538384464942820E+00   -0.808498397607918418E+00    0.439258711511830455E+02
    0.326788326237676416E-03    0.593502453778256367E+02    0.315487671229933540E+02    0.150016595042703371E+00    0.436391291996534647E+00   -0.591272813671487540E+00    0.401073501451871977E+02
    0.309535376528244344E-03    0.592587258840992632E+02    0.304461249299205186E+02    0.288412946619642896E+00    0.451473133464924570E+00   -0.885988440334805505E+00    0.402635306973180889E+02
    0.544173816934928026E-03    0.579303332351755316E+02    0.217311983065126846E+02    0.208262363407657608E+00    0.416813805658863668E+00   -0.309266098041426019E+00    0.650723363298215105E+02
    0.507291122111418516E-03    0.578707005713747336E+02    0.840185241519946224E+01    0.105920359405858006E+00    0.339698105056774502E+00    0.893181548903790867E+00    0.112083039655144091E+03
    0.632429061156394943E-03    0.572297345435929827E+02    0.543598624132641284E+01    0.136065717715894069E+00    0.389146368150233790E+00    0.455256967163368553E+00    0.948814779576154166E+02
    0.719021255616858327E-03    0.567730888196003391E+02    0.175235851004963514E+02    0.158350962278626994E+00    0.391013780477327433E+00    0.862543018242577925E-01    0.727760684027130367E+02
    0.121839240195783854E-02    0.555182955287081441E+02    0.190038645047482788E+02    0.135460223791123019E+00    0.407943625022890666E+00   -0.125990025572621678E+00    0.772275828448890138E+02
    0.200902580323910869E-02    0.543180602425577987E+02    0.641621747148496802E+01    0.217812348769850339E+00    0.370155312854103247E+00    0.582365413787245267E+00    0.525792678429977300E+02
    0.212545730347021497E-02    0.540053861399893904E+02    0.150141897864452218E+02    0.115339563583669188E+00    0.388507964191912636E+00    0.110397242883144356E+00    0.112224126527715001E+03
    0.262404757255788393E-02    0.533839241002965750E+02    0.414554161140658906E+01    0.318043867447191930E+00    0.366866099627957076E+00    0.406382547958913043E+00    0.107053160108074195E+03
    0.373134649286997527E-02    0.524798217845830024E+02    0.175721946168216334E+02    0.172132132906213375E+00    0.405873040235337490E+00   -0.136970093595586540E+00    0.734747652762172123E+02
    0.353738445287307560E-02    0.523865849038289113E+02    0.117125641152334126E+02    0.171343071948725084E+00    0.382633471998658825E+00    0.220907960667343528E+00    0.111480107685448360E+03
    0.403743892268503424E-02    0.519221389798511197E+02    0.611969499862808686E+01    0.127612830106699632E+00    0.334473584984828431E+00    0.862668964862737919E+00    0.143712620600648819E+03
    0.396135413204986610E-02    0.517601882629995558E+02    0.941668575949245934E+01    0.196857043020619404E+00    0.391827264218526095E+00    0.255549331726449391E+00    0.466502168020384858E+02
    0.391650902924898462E-02    0.515829586951815884E+02    0.798515847611608187E+01    0.151122198607868546E+00    0.380618335218963766E+00    0.293796478346207590E+00    0.142089382675472649E+03
    0.357654984093511413E-02    0.515645628934183762E+02    0.110514184184203295E+02    0.178887006397017767E+00    0.365226446137552119E+00    0.403656526034674112E+00    0.682168102253189943E+02
    0.476343613609127303E-02    0.507914215314125101E+02    0.671215486103043091E+01    0.241262644723581138E+00    0.348662256046311680E+00    0.709179238160215775E+00    0.697041445833356619E+02
    0.608387080734004368E-02    0.501020778230049117E+02    0.500310408858199818E+01    0.208108008379608772E+00    0.379782969089785538E+00    0.460816520318502842E+00    0.870578400943825130E+02
    0.707901601131083209E-02    0.495990902685160506E+02    0.800486894994613962E+01    0.114050788949035364E+00    0.349998714834221514E+00    0.698128187993664606E+00    0.141301568765059415E+03
    0.644783148694380581E-02    0.495858723602951557E+02    0.997896375935746960E+01    0.183798140665997367E+00    0.370548849924125734E+00    0.404483982246559237E+00    0.102867849804154659E+03
    0.103066494423261230E-01    0.484477815739724988E+02    0.703807986379550510E+01    0.236937583530635432E+00    0.373082052813463017E+00    0.448793719519955725E+00    0.375351961787240498E+02
    0.117394397132947314E-01    0.479874519243641231E+02    0.554646063165957681E+01    0.116088149515115951E+00    0.344217554366487044E+00    0.832492998942589990E+00    0.105927803629151683E+03
    0.157480024823409212E-01    0.471999330402822466E+02    0.698028380773294455E+01    0.804609434862567641E-01    0.353413432637606550E+00    0.724742825608758356E+00    0.131605280384004374E+03
    0.148362743360073608E-01    0.471192098003143158E+02    0.488977168744062318E+01    0.894129350541072870E-01    0.351244278194081161E+00    0.732292687127677588E+00    0.142568018595219712E+03
    0.146887439731765001E-01    0.469391971329752735E+02    0.985501424192705144E+01    0.156652036118795218E+00    0.391177356763732165E+00    0.206853376631838975E+00    0.876184864074031964E+02
    0.154574481017706409E-01    0.466371781717709339E+02    0.786845577032123700E+01    0.189339660691805828E+00    0.387803283553424583E+00    0.248387339837637916E+00    0.103670227395957852E+03
    0.194963690193644852E-01    0.459729036135103186E+02    0.540595846621294918E+01    0.304584680904216643E+00    0.368648164337025075E+00    0.361668828472922421E+00    0.110630839938463964E+03
    0.180756057005274640E-01    0.459242335459311377E+02    0.773554348006895776E+01    0.153759208435589989E+00    0.357151087838762482E+00    0.608802436386286727E+00    0.766043415249585422E+02
    0.181623589758110326E-01    0.457146575731311344E+02    0.595039313638234724E+01    0.426133097791087156E+00    0.377883863077793369E+00    0.211434690921424445E+00    0.826449337334605900E+02
    0.170152462834489773E-01    0.456451405370267125E+02    0.854759781244776562E+01    0.246085837780274486E+00    0.391294261372297725E+00    0.210778514897234204E+00    0.658686021409990303E+02
    0.165091892209488396E-01    0.455055258049741056E+02    0.739990958660411291E+01    0.162614015565164249E+00    0.361269755724379527E+00    0.448341202986303422E+00    0.132902640797316337E+03
    0.170666644593547058E-01    0.452391058736178096E+02    0.484249100114129849E+01    0.310235178361100983E+00    0.364374688085280118E+00    0.430893266749501791E+00    0.102353642538541706E+03
    0.185832319531508278E-01    0.448688407692603164E+02    0.812509507436741707E+01    0.165418728793261138E+00    0.370553866129782972E+00    0.466752880458240704E+00    0.871599627996266122E+02
    0.205974604066263209E-01    0.444630245277750262E+02    0.557619674087973305E+01    0.214717380473330000E+00    0.379963069716433954E+00    0.409102470537994534E+00    0.783353332750701270E+02
    0.189382311028802042E-01    0.444309947244689880E+02    0.616253451731903823E+01    0.370261475121020200E+00    0.379265048082277012E+00    0.253724794219752581E+00    0.880287471038438838E+02
    0.178537893603644519E-01    0.443489285521200216E+02    0.787255984974620127E+01    0.364588196936282138E+00    0.392181151434064901E+00    0.127645661677676853E+00    0.640676533028062494E+02
    0.161958681516599645E-01    0.443438477870225682E+02    0.899928232792812111E+01    0.228045871202073230E+00    0.377448385060212777E+00    0.317892754108031472E+00    0.784012032790696765E+02
    0.147387984612335869E-01    0.443323933658661105E+02    0.477646576325393024E+01    0.369972162036235730E+00    0.387480486567995552E+00    0.276804154352445264E+00    0.519371619152856852E+02
    0.167995654896655223E-01    0.438706540569744163E+02    0.463594010555822411E+01    0.498084530188199925E+00    0.385236213951489714E+00    0.244819234988817913E+00    0.300822350916966563E+02
    0.213247302924599695E-01    0.431936252100703300E+02    0.588594275111332088E+01    0.130581775970686736E+00    0.352840734331177353E+00    0.692133582924787549E+00    0.111047327417331175E+03
    0.310500569877785355E-01    0.422421588142371505E+02    0.598270609492554239E+01    0.410178782058026992E+00    0.375722234512152808E+00    0.314801536850907504E+00    0.362540369009710943E+02
    0.284741327210706920E-01    0.422153679990778770E+02    0.588143133739480906E+01    0.185006197131389022E+00    0.356418796333024479E+00    0.569387483572850517E+00    0.120281997812452985E+03
    0.258858078855996356E-01    0.422059703808298465E+02    0.829631002617985303E+01    0.278279507668026449E+00    0.381612703679493515E+00    0.244410110658624835E+00    0.753194215595908076E+02
    0.246832001097574000E-01    0.421011143922587721E+02    0.706235761402699147E+01    0.181111661066281349E+00    0.357936077732225522E+00    0.534518876504719631E+00    0.102782489977651039E+03
    0.259326940540682213E-01    0.418023511190211394E+02    0.585161851880926864E+01    0.411535179698028331E+00    0.377175017341559782E+00    0.298972820650950821E+00    0.347606531669778462E+02
    0.237447093763875350E-01    0.417786406165715434E+02    0.736864363450031767E+01    0.363867803896600839E+00    0.376684776550930078E+00    0.273257251287788661E+00    0.565636557007629932E+02
    0.232706468671442616E-01    0.416189745511870157E+02    0.629314448031516438E+01    0.393468975227956985E+00    0.375804567052306027E+00    0.271305523027118245E+00    0.731371479302706575E+02
    0.226431707628807072E-01    0.414736435119177358E+02    0.690207815888809151E+01    0.284304820381421575E+00    0.373582325921565150E+00    0.361154295379300883E+00    0.469505053951988174E+02
    0.220229646704840736E-01    0.413291885865321120E+02    0.742540515147341917E+01    0.214279115528915404E+00    0.370344168204985447E+00    0.425662904527181030E+00    0.707337632712952598E+02
    0.202358841940794634E-01    0.412984451544112332E+02    0.494350618909587425E+01    0.404017563841991723E+00    0.371590200197640330E+00    0.353803130980503977E+00    0.701445931397223461E+02
    0.189536396506702447E-01    0.412293681435340176E+02    0.570219793378012163E+01    0.365490340209242204E+00    0.376765627417706028E+00    0.316778455292908712E+00    0.763932216698972582E+02
    0.173754163979208433E-01    0.412032473886798130E+02    0.607173133901068773E+01    0.286133090088090902E+00    0.379851403125229192E+00    0.348140418828593368E+00    0.617325943684212319E+02
    0.205955191118772293E-01    0.406632130351151915E+02    0.625351651366397299E+01    0.188842573003324993E+00    0.359707904910728515E+00    0.549992889256368911E+00    0.755215645394697503E+02
    0.199984517903094433E-01    0.405220503815568875E+02    0.590394185413777617E+01    0.184568858206355824E+00    0.364461686000773777E+00    0.514528020003775621E+00    0.103838476015282339E+03
    0.182329423690073961E-01    0.405069001452128319E+02    0.607161627907885482E+01    0.196762419265327754E+00    0.361574907991608463E+00    0.545273426300699526E+00    0.844283716647354083E+02
    0.175510669712089680E-01    0.403831306134148349E+02    0.628878459085031771E+01    0.233287246053682257E+00    0.361290353559600486E+00    0.494079163831193324E+00    0.797739055173466198E+02
    0.201524846647943082E-01    0.401033727003412679E+02    0.551149254677514033E+01    0.289091673591986009E+00    0.377599391607727541E+00    0.356737974130390989E+00    0.692339383851173835E+02
    0.363468081184451022E-01    0.389238150978706798E+02    0.581369237144042206E+01    0.298684124651522831E+00    0.375675817845975424E+00    0.353713412962463503E+00    0.637504077075457474E+02
    0.198242314524820218E-01    0.401362178784040395E+02    0.636252155150608267E+01    0.344252170050113659E+00    0.379587932606902878E+00    0.293569830377093388E+00    0.651254224241343849E+02
    0.227623658849263125E-01    0.398598107725647210E+02    0.613985319332495738E+01    0.272152987920444289E+00    0.374055254896481781E+00    0.385484213766651485E+00    0.580719354050299330E+02
    0.202555490348446630E-01    0.400931703139234727E+02    0.581859587792743316E+01    0.269140556562490196E+00    0.371982814738195389E+00    0.375369524903427898E+00    0.933584158518964529E+02
    0.184414727541280729E-01    0.402808237141764778E+02    0.490325048713121525E+01    0.346668867384838819E+00    0.370731655613071143E+00    0.366422243945324411E+00    0.634545265851601243E+02
    0.180759529822131573E-01    0.403208628979182251E+02    0.559348777666827068E+01    0.270158883318570797E+00    0.372916954284351343E+00    0.361582222885089288E+00    0.931632880510727261E+02
    0.334949928058881491E-01    0.390872359604188873E+02    0.625743709530736769E+01    0.173888605835128718E+00    0.363156066912179110E+00    0.508548894940560881E+00    0.869507408047138455E+02
    0.360776607768664020E-01    0.389386801612789100E+02    0.582375510932777019E+01    0.221338130821086970E+00    0.370744365362311978E+00    0.416557532254895613E+00    0.856509133401027469E+02
    0.197898990862831088E-01    0.401396845580284989E+02    0.561283285039937763E+01    0.311214347659356960E+00    0.369163370935429058E+00    0.426018327136198582E+00    0.612466383000449213E+02
