    0.180047610535119366E-42    0.306352845444137074E+03    0.386178649817798245E+02    0.440237876160832708E+00    0.381067986981365514E+00   -0.193928476196257360E+00    0.205812474637183527E+03
    0.159591620543767871E-34    0.269552690232451482E+03    0.397877045384866879E+01    0.108867637785784144E+01    0.284250920318351086E+00    0.148773585031411781E+01    0.172317469363842150E+03
    0.799131599997270664E-33    0.261525705131855602E+03    0.602862202490892258E+02    0.507496094928109542E+00    0.322749894058645848E+00    0.962352762868838196E+00    0.232967957252085029E+03
    0.689789352306356135E-26    0.229383792577165593E+03    0.181277050873087866E+02    0.320162909176696264E+00    0.246241587732130396E+00    0.211225204609980111E+01    0.917768743193608998E+02
    0.516215106541531232E-21    0.206737667072650680E+03    0.306617894283319004E+02    0.570311053974099091E+00    0.220404571722496861E+00    0.274346193443689090E+01    0.128874925637443567E+03
    0.579118894862301397E-20    0.201702528386820035E+03    0.317183078160542351E+02    0.400529245159888692E+00    0.250406255657919741E+00    0.247020665088049052E+01    0.103291868180235710E+03
    0.114670141533838915E-19    0.200136254459547075E+03    0.546176649888538321E+02    0.210007540168579809E+00    0.255941752430554115E+00    0.233186998164290138E+01    0.136732034586011594E+03
    0.149502406044325593E-19    0.199405748830901274E+03    0.660652736729811068E+02    0.200828668717888292E+00    0.302669638632482196E+00    0.132198114357495600E+01    0.785447283088911945E+02
    0.681161628854770584E-18    0.191567604381297713E+03    0.446611991799919394E+02    0.260472339261185459E+00    0.254121701463103922E+00    0.217389586773214694E+01    0.104932797067959797E+03
    0.799561771428322343E-18    0.191047076034471758E+03    0.155518927880894093E+02    0.353778944128095463E+00    0.358717186361288520E+00    0.126817091378827529E+01    0.506996105779432256E+02
    0.822959940243690471E-18    0.190789388569776918E+03    0.730341087058810814E+02    0.295958020631583163E+00    0.313483600506454629E+00    0.131257647153471213E+01    0.137709446616490879E+03
    0.748546866391319349E-17    0.186173765800913941E+03    0.500050148337301508E+02    0.130199198696270280E+00    0.587210988807946532E+00   -0.170034493355146621E+01    0.120257304857310615E+03
    0.160713711494726691E-15    0.179840443874925086E+03    0.262788298220892429E+02    0.199993596865403411E+00    0.275172494833703540E+00    0.197731599812379666E+01    0.204307364682744350E+03
    0.497548840281428278E-15    0.177380305613835105E+03    0.151916829646221565E+02    0.257902246115207456E+00    0.266883001180548252E+00    0.213324716116823732E+01    0.130653758269007767E+03
    0.297505182505800865E-14    0.173603659584204195E+03    0.314204531239083948E+02    0.460849833914644957E+00    0.422446434029212559E+00   -0.212367386818115733E+00    0.151965008878523321E+03
    0.410091200192132147E-14    0.172761763725336493E+03    0.266628253062227039E+02    0.236784255828520890E+00    0.301160515717067256E+00    0.151370264661567644E+01    0.124094261792821840E+03
    0.182964350776684171E-13    0.169570770029528006E+03    0.286836701949158766E+02    0.199247851651234154E+00    0.461246694640927490E+00   -0.151821119178879554E+00    0.132066246144135164E+03
    0.328756296456496226E-12    0.163593549030215172E+03    0.326462241254472829E+02    0.340608981182439208E+00    0.382461272459048707E+00    0.303729790583362247E+00    0.252040555108857205E+03
    0.521255899313668796E-12    0.162471700320916824E+03    0.451636382531906548E+02    0.276823219038238366E+00    0.348133449680181228E+00    0.655633037291775689E+00    0.226670250594343798E+03
    0.321739254617257042E-11    0.158631529417811777E+03    0.586665785628667003E+01    0.766537355957727207E+00    0.278151289805851187E+00    0.189882511060327541E+01    0.105607329085370125E+03
    0.514350632368256630E-11    0.157493201922227883E+03    0.254968854892408530E+02    0.407062921195039285E+00    0.438175800264525406E+00   -0.272048631845267619E+00    0.140660093266675801E+03
    0.975761144503394172E-11    0.156012576661343672E+03    0.408194720356299090E+01    0.632773064992518397E+00    0.243810500502131378E+00    0.230219939434720633E+01    0.132642566834445631E+03
    0.278784391533372800E-10    0.153712964744570627E+03    0.212638266040939925E+02    0.253139666730656521E+00    0.327119590505978719E+00    0.115024010569574497E+01    0.179326730685720406E+03
    0.557910369237284994E-10    0.152125445488550582E+03    0.376551262848449468E+02    0.332178519702143793E+00    0.368468399850122585E+00    0.387005571827038097E+00    0.221500188274612924E+03
    0.127326684344418685E-09    0.150275159741537436E+03    0.192511947357465729E+02    0.142965123436484265E+00    0.420381846827556138E+00    0.362851622996427370E+00    0.135871513218810463E+03
    0.144035783334294656E-09    0.149828548416140393E+03    0.294079236706697031E+02    0.143414120281812302E+00    0.476757747877956772E+00   -0.330716944458541273E+00    0.784677367311214908E+02
    0.271769957924547141E-09    0.148358760013248343E+03    0.233877915206143534E+02    0.152103601496637236E+00    0.408246777011326889E+00    0.338271556657637862E+00    0.109166615496283697E+03
    0.367918490652766584E-09    0.147552949102618015E+03    0.396320155632208326E+02    0.198570475561717280E+00    0.559691661611163127E+00   -0.153754623000662982E+01    0.996490127167474782E+02
    0.335534787151678798E-09    0.147537220667260897E+03    0.462065304500779774E+02    0.297172957919965341E+00    0.385055235215089386E+00    0.154321161915654509E+00    0.192573383639632539E+03
    0.617869689590583153E-09    0.146116116790394187E+03    0.177985512438566218E+02    0.156413258428397983E+00    0.416465943414519868E+00    0.378588827356787672E+00    0.129432274706544177E+03
    0.183332420491432192E-08    0.143740899737501962E+03    0.515079205851538262E+02    0.186292167052216878E+00    0.418581157101875767E+00   -0.145493237967910638E+00    0.173375933806837565E+03
    0.216306892359201879E-08    0.143210105363788614E+03    0.179252453940265468E+02    0.137430644525472545E+00    0.411131419871464843E+00    0.298299603616503983E+00    0.488915007416949123E+02
    0.454108327810644743E-08    0.141526830204135621E+03    0.319345903543396723E+02    0.175634860653752584E+00    0.465227277578015297E+00   -0.408127127040154025E+00    0.802550814204359142E+02
    0.191122795786832834E-07    0.138452499309635954E+03    0.388151459791219509E+02    0.229886017966396988E+00    0.536773355712269695E+00   -0.124198307251258910E+01    0.611068598316819731E+02
    0.209755235475604077E-07    0.138066448961156681E+03    0.193596721320857057E+02    0.159344115307280071E+00    0.501936997620639702E+00   -0.558715388067670848E+00    0.318115379893709118E+02
    0.473947415049782746E-07    0.136236138818675812E+03    0.294192926377797015E+02    0.186261947006096912E+00    0.387802567256694986E+00    0.839751168304250090E-01    0.106644242117041614E+03
    0.483898617417345863E-07    0.135994580739072319E+03    0.320880690257873482E+02    0.432325036576767241E+00    0.400014456562430343E+00   -0.119123855284732141E+00    0.171689941782750225E+03
    0.883994958658486115E-07    0.134589428852837869E+03    0.213541663354835372E+02    0.175924279395875766E+00    0.464761278821325285E+00   -0.331896188772261069E+00    0.718768432203712848E+02
    0.110739111102863908E-06    0.133938807217385317E+03    0.374658647371183946E+02    0.239316752570190555E+00    0.412254783206333464E+00   -0.310491408561742233E+00    0.102347951186185156E+03
    0.336720725923078979E-06    0.131514653625691238E+03    0.189577151825150239E+02    0.386641224045355836E+00    0.518586591231179672E+00   -0.898195368770113856E+00    0.259472150655959126E+02
    0.334405207263055841E-06    0.131328454480246108E+03    0.316378975834302025E+02    0.303714885584167149E+00    0.456411238308080891E+00   -0.769190969650815792E+00    0.526059795774325991E+02
    0.892543597029113471E-06    0.129165010664997197E+03    0.159600655368490223E+02    0.372544536622069711E+00    0.354412180644471997E+00    0.666411309199698598E+00    0.110447757751435546E+03
    0.948828028420589499E-06    0.128842706248897315E+03    0.229001422092708111E+02    0.276352094480118438E+00    0.516444441000557974E+00   -0.998633462440592146E+00    0.400319703082932605E+02
    0.875096793155894939E-06    0.128804492384364124E+03    0.104077940492468670E+02    0.212566436297676020E+00    0.467840913324537977E+00   -0.996801708665012720E-01    0.429501590742317489E+02
    0.988147449563614216E-06    0.128361497532219261E+03    0.873419545555747590E+01    0.429620651040141466E+00    0.420524665707011969E+00    0.281081402973236361E+00    0.877034898417595628E+02
    0.109553203828994816E-05    0.127955170578410261E+03    0.254330297979538393E+02    0.347465391963966308E+00    0.400722488335112426E+00    0.529424113891266562E-01    0.834685491876723944E+02
    0.122137833099370626E-05    0.127537690827322990E+03    0.356954668649902089E+02    0.318264960284142751E+00    0.499632618861088174E+00   -0.123915581597028912E+01    0.616935349381551816E+02
    0.320421530109889669E-05    0.125408716379288506E+03    0.929733972853287405E+01    0.259023794573490063E+00    0.464628564617751261E+00    0.449935274514478845E-01    0.779921709272344827E+02
    0.291328464428900839E-05    0.125399088451632082E+03    0.177503055061540103E+02    0.322090668876149067E+00    0.395068735065813248E+00    0.258207512523060290E+00    0.126193324973013887E+03
    0.280471144619346553E-05    0.125275049503476680E+03    0.170369276017362061E+02    0.541714110404387106E+00    0.380181750599749790E+00    0.143965984062951441E+00    0.560108801647597048E+02
    0.444664676568175484E-05    0.124153350275727249E+03    0.225347481690761846E+02    0.395696927642455287E+00    0.549956058739366815E+00   -0.142610822828988448E+01    0.210498639627374864E+02
    0.599815887776797028E-05    0.123354745691511255E+03    0.977789128483333947E+01    0.343228242165050657E+00    0.430231350106029253E+00    0.141508255331813972E-01    0.436963498978326399E+02
    0.580520502120869391E-05    0.123220140963250515E+03    0.277384547752518813E+02    0.537366374671308655E+00    0.447686458502957185E+00   -0.669102688169177506E+00    0.848998560795032802E+02
    0.102203363451672130E-04    0.121888891838938122E+03    0.636867749350299484E+01    0.255748968419426792E+00    0.461317598383751248E+00    0.230174800599646567E+00    0.588416789245230873E+02
    0.955235164968294706E-05    0.121824076087939915E+03    0.259583898696397561E+02    0.679476818388519477E+00    0.468077782715678792E+00   -0.115559286948685180E+01    0.792558039405010248E+02
    0.118353830630208593E-04    0.121195463609565607E+03    0.186426899488832731E+02    0.636850332677247000E+00    0.452216453032550147E+00   -0.678522271077393602E+00    0.762703478741414500E+02
    0.120679549966004796E-04    0.120956543644101373E+03    0.276367732657039724E+02    0.545348726507419168E+00    0.416846693686684422E+00   -0.428872817976083398E+00    0.941159191802816508E+02
    0.193053617863221520E-04    0.119816885088196585E+03    0.257846613177440176E+02    0.436360996136217039E+00    0.524667335706743954E+00   -0.146114530764669626E+01    0.400152373424454879E+02
    0.197729672388645633E-04    0.119569019400627894E+03    0.200316878345609446E+02    0.493339324068477747E+00    0.477068314394356208E+00   -0.822512241554721246E+00    0.762946169309958435E+02
    0.270890733928124211E-04    0.118739389926891860E+03    0.208515379340028701E+02    0.433656218833520402E+00    0.417844974681546244E+00   -0.220324218347132811E+00    0.458675256725211966E+02
    0.251081173013462766E-04    0.118691268443746750E+03    0.816653386892655320E+01    0.371332839880640198E+00    0.444081526806179905E+00   -0.277591641750838791E-02    0.130905117758741170E+03
    0.324249877028659473E-04    0.117979792126470429E+03    0.255354013459075553E+02    0.612009891617978141E+00    0.423116455527194013E+00   -0.493344306273496791E+00    0.636485316266678609E+02
    0.398005615941127985E-04    0.117369888783186838E+03    0.270107015656178149E+02    0.475428749476478396E+00    0.529317321797154627E+00   -0.154366674703873463E+01    0.497939586106042427E+02
    0.362753498376284172E-04    0.117355373942846455E+03    0.168781412265367905E+02    0.509357599607861866E+00    0.447144142904614961E+00   -0.533507300576312571E+00    0.115145441929954941E+03
    0.524897783665391219E-04    0.116416413922655636E+03    0.142624216740843366E+02    0.418003210356872434E+00    0.522573715874885547E+00   -0.100296337684509851E+01    0.497556425034511705E+02
    0.482597892076217530E-04    0.116384453443700920E+03    0.244143805299334034E+02    0.761994129932416220E+00    0.473156471659839595E+00   -0.128316445762295128E+01    0.588299832973343513E+02
    0.454509961883648789E-04    0.116304381350939920E+03    0.391910942238311861E+02    0.537983439947160913E+00    0.547007726603456201E+00   -0.194375374037423243E+01    0.384279480961944202E+02
    0.474551898199473501E-04    0.116018079041231545E+03    0.402004586862395143E+02    0.686315404661821837E+00    0.542099911884792229E+00   -0.218490614590728205E+01    0.383836774920977959E+02
    0.846505899899526018E-04    0.114660586671753975E+03    0.765037916973405530E+01    0.565250246332488993E+00    0.342064593779270121E+00    0.811806824867947530E+00    0.121523850451990995E+03
    0.944770397532968426E-04    0.114240937149567813E+03    0.224451496537702795E+02    0.465371641446266027E+00    0.453422174221654095E+00   -0.635535979297324971E+00    0.514644497296525145E+02
    0.890794248668935713E-04    0.114158594056374085E+03    0.418388346544390828E+02    0.533199440135670999E+00    0.494802699925805833E+00   -0.157309310391353652E+01    0.358665880942322914E+02
    0.127087655043339162E-03    0.113247896737230818E+03    0.241907188982271180E+02    0.474910881453813105E+00    0.497039461795572901E+00   -0.118060152888734038E+01    0.521073662409776261E+02
    0.208741146339990608E-03    0.112055460928200290E+03    0.300097473955242151E+02    0.693815987518573096E+00    0.498424595298566531E+00   -0.163602503315951142E+01    0.542741723841521519E+02
    0.237235460069281772E-03    0.111599544527697645E+03    0.369557507366153004E+02    0.501203821884515177E+00    0.496971854297332705E+00   -0.146142697713411884E+01    0.390193556668091048E+02
    0.226948384347939823E-03    0.111488205608579975E+03    0.113487528868770067E+02    0.498442135926106533E+00    0.436169273034719363E+00   -0.347760392024008325E+00    0.126395584780798075E+03
    0.223633999585756959E-03    0.111317629258149879E+03    0.204567738570940634E+02    0.619899488600599180E+00    0.420792483895285396E+00   -0.489358333419317726E+00    0.837306106467824662E+02
    0.203921644135792395E-03    0.111302179183005492E+03    0.173736893527929794E+02    0.629167420914736431E+00    0.416080461791037193E+00   -0.410034980194301735E+00    0.107059232279369510E+03
    0.235567542451765313E-03    0.110813655474774180E+03    0.220188100319532580E+02    0.599678501776035433E+00    0.458039887230217324E+00   -0.923094733587487171E+00    0.904109958953504105E+02
    0.214365108895227035E-03    0.110802289473195202E+03    0.317618309970963537E+02    0.522311521805721934E+00    0.470336699795761037E+00   -0.115795307040005069E+01    0.694344306990249436E+02
    0.297079600152942431E-03    0.109949650594625538E+03    0.176546693797940826E+02    0.548268474609940104E+00    0.421861615010685309E+00   -0.357813899555885551E+00    0.386393423371055036E+02
    0.414156660972651229E-03    0.109085162207591210E+03    0.222225413333611677E+02    0.493857202148246910E+00    0.446354956566305472E+00   -0.642622169414295175E+00    0.592269047588049631E+02
    0.470107613532117353E-03    0.108631727561463066E+03    0.158243235478703426E+02    0.481763578143387661E+00    0.446317778001280641E+00   -0.515594703443505775E+00    0.730173108139521929E+02
    0.434475601376375323E-03    0.108589371248788638E+03    0.137343573037207207E+02    0.491177613911670974E+00    0.416777448851373633E+00   -0.121159612707498560E+00    0.983995501177555099E+02
    0.428120169854961572E-03    0.108418842974653728E+03    0.196422125531831036E+02    0.512581762094883597E+00    0.443953078931504874E+00   -0.595110933921192076E+00    0.490490089312968109E+02
    0.675928508235582319E-03    0.107305476201573555E+03    0.101138220855314529E+02    0.501927766211500814E+00    0.415832350589723676E+00   -0.672797872553365095E-01    0.138409705636890891E+03
    0.699674223936580389E-03    0.107036421163703181E+03    0.150254813752941150E+02    0.497902134900461646E+00    0.401172554027338313E+00   -0.473978974711641021E-01    0.100473498906605158E+03
    0.721255577726639930E-03    0.106775663725960442E+03    0.121649769916722299E+02    0.488319313965618118E+00    0.428904451245150031E+00   -0.232880550505028705E+00    0.886735749339966901E+02
    0.712372654206384882E-03    0.106600448497917967E+03    0.730459482654195291E+01    0.454516226851584326E+00    0.402797358172110764E+00    0.197231594701650775E+00    0.117746342186247958E+03
    0.918063808080606439E-03    0.105893117036542179E+03    0.683378223681121000E+01    0.468702568128062158E+00    0.401899423909876041E+00    0.229640898885468736E+00    0.959885574191743558E+02
    0.898079506753311817E-03    0.105737133624437860E+03    0.195512295954648643E+02    0.533990178149657879E+00    0.440018396653318267E+00   -0.584282190435686188E+00    0.790057649477955835E+02
    0.836406990007604692E-03    0.105679420178830242E+03    0.615891614250228336E+01    0.475347390965150440E+00    0.373755013432404304E+00    0.561971567069671774E+00    0.932433753419224445E+02
    0.905483117856410399E-03    0.105320713562082389E+03    0.852696504347026973E+01    0.551987327227397517E+00    0.408263215581002759E+00   -0.138222830035925476E-01    0.155737526994940026E+03
    0.116902606955669470E-02    0.104609798304465713E+03    0.136079360462552614E+02    0.649855715053193062E+00    0.420655279924796566E+00   -0.358532878881092698E+00    0.101394063429788105E+03
    0.127423577705859333E-02    0.104237447053690360E+03    0.101206178697219720E+02    0.512469257176641046E+00    0.375778467083892620E+00    0.332035285119612111E+00    0.119848899446165490E+03
    0.175883909508333714E-02    0.103392832297716652E+03    0.100443042180475697E+02    0.626623335835858719E+00    0.384644394498636355E+00    0.963921804193397375E-01    0.130638741116572078E+03
    0.163753485831939793E-02    0.103335756318765974E+03    0.130165193323231989E+02    0.530140060960393344E+00    0.406664061006631883E+00   -0.106081489685588851E+00    0.112611812237336977E+03
    0.155586472862650625E-02    0.103238077297119759E+03    0.478120170445677495E+01    0.554500883675875689E+00    0.392240458432584205E+00    0.285270899490925767E+00    0.132201300544342416E+03
    0.144702039457900579E-02    0.103183127186538499E+03    0.117312067512579414E+02    0.518180853358578331E+00    0.405983327931536075E+00   -0.428285333749486713E-01    0.115968625073683057E+03
    0.152255051709820682E-02    0.102881366469590887E+03    0.400202003772830839E+01    0.571567138266899200E+00    0.372032981113244010E+00    0.512270970789209357E+00    0.106248073508398150E+03
    0.180810228579246740E-02    0.102337584601673939E+03    0.391660395696380270E+01    0.572194289481329221E+00    0.355309890431711961E+00    0.712827378290949332E+00    0.863808341181079555E+02
    0.181841736742097376E-02    0.102126207181521920E+03    0.391220723755424915E+01    0.522058904587064943E+00    0.346265642037115684E+00    0.842009184641597908E+00    0.153859398841930130E+03
    0.237099319540956402E-02    0.101395522396104170E+03    0.102850456375624937E+02    0.597221893240146295E+00    0.387647585600149613E+00    0.134856870574950410E+00    0.910375349987430695E+02
    0.216894994634527763E-02    0.101373653960926646E+03    0.141469029860188034E+02    0.583973662701028573E+00    0.433453973121663394E+00   -0.433380963531074581E+00    0.629151150892209046E+02
    0.203852815832209020E-02    0.101297684157538654E+03    0.532495610401698904E+01    0.502679634086380944E+00    0.349727957524330446E+00    0.795355006810429255E+00    0.137626882697674006E+03
    0.244396573135789805E-02    0.100734896231070508E+03    0.620526813412684941E+01    0.512391960070121000E+00    0.368963181170373244E+00    0.528194507858486539E+00    0.994193465875371913E+02
    0.250995916598923969E-02    0.100481607301451589E+03    0.613750191829652714E+01    0.524509273967966094E+00    0.370482811278393276E+00    0.532132198734717843E+00    0.103920982821260239E+03
    0.244115247874244091E-02    0.100337199760119717E+03    0.584729013589624014E+01    0.556218955534065307E+00    0.349685097440822990E+00    0.724309793187942308E+00    0.132423204474677391E+03
    0.550765769575942057E-02    0.985098614060222957E+02    0.112781915377853572E+02    0.601093225347846261E+00    0.421206449200174471E+00   -0.254199733217256085E+00    0.790628144616910618E+02
    0.529728516242226194E-02    0.983877513587810739E+02    0.602380167674806710E+01    0.521512131642764110E+00    0.355975790435504702E+00    0.637231342726547245E+00    0.185991960918038643E+03
    0.574238102157157305E-02    0.980263923975315379E+02    0.872442103204935826E+01    0.635158401821019014E+00    0.395194736205084329E+00    0.328322139422584716E-01    0.132177011313400101E+03
    0.931497473319666328E-02    0.968588936872853736E+02    0.760953583774578668E+01    0.705875149297102267E+00    0.389798378244264776E+00    0.511018111784655796E-01    0.129111635955566555E+03
    0.979072338870351846E-02    0.965592695816439175E+02    0.747198482866740576E+01    0.612908376839149116E+00    0.377779730382119983E+00    0.311329774812267035E+00    0.119371166630620181E+03
    0.114930317643130581E-01    0.960386584340553640E+02    0.572904328839448418E+01    0.613580121522462996E+00    0.363276945192375411E+00    0.523497185499479656E+00    0.989443195723898441E+02
    0.104495318332604014E-01    0.960290259168893385E+02    0.784349568837064659E+01    0.587068204431656859E+00    0.394401775196394744E+00    0.114991349304570500E+00    0.120142910976762863E+03
    0.977168084110595012E-02    0.959631632857895909E+02    0.598013806645632595E+01    0.606755966567828042E+00    0.383007136623704114E+00    0.316471349649403988E+00    0.704091254156209203E+02
    0.908304655404831851E-02    0.959093209505912370E+02    0.946852035019709071E+01    0.656453390656414837E+00    0.424470846547065850E+00   -0.267146008643769473E+00    0.472742640186498377E+02
    0.133147640088730687E-01    0.949443932796055066E+02    0.697925317231714182E+01    0.698324838480421817E+00    0.378841847242004870E+00    0.210707983340743144E+00    0.117986502466403707E+03
    0.130198240379076260E-01    0.947891940265430293E+02    0.570198114970357484E+01    0.589653959167547592E+00    0.380880704504196421E+00    0.333234991877243814E+00    0.101222015377050738E+03
    0.121442124159112669E-01    0.947284348465557429E+02    0.616080563858725228E+01    0.604853612247047256E+00    0.385177281814835959E+00    0.281224298810438644E+00    0.822543489583056981E+02
    0.149845829567660238E-01    0.941080965310771944E+02    0.513581259035228666E+01    0.631671097172483709E+00    0.367839104790854132E+00    0.424596270801463394E+00    0.153269541589597736E+03
    0.148657021707588929E-01    0.939240268867199433E+02    0.879189351886883053E+01    0.669538768633998527E+00    0.420032096357774332E+00   -0.245199822216261576E+00    0.888435662124478540E+02
    0.134515520137445319E-01    0.939239512889194401E+02    0.605019094418396186E+01    0.629936902711514479E+00    0.395959109368677398E+00    0.102905150245611421E+00    0.120356673036929266E+03
    0.135386688329603207E-01    0.937110403724441881E+02    0.490062389657034281E+01    0.640229561780372380E+00    0.364552786527704120E+00    0.517399880087354491E+00    0.938004901098841799E+02
    0.168495051592803292E-01    0.930734976924831727E+02    0.762510797722933731E+01    0.712232760523825226E+00    0.391318679295636462E+00    0.720901222614966364E-01    0.946783196559957219E+02
    0.160900238594185313E-01    0.929657413826625714E+02    0.561559318457053891E+01    0.655516779616664991E+00    0.368466341139546349E+00    0.434138483590719770E+00    0.102242391644362414E+03
    0.174704078053884229E-01    0.926011233363030328E+02    0.614066948949153790E+01    0.624031326035924927E+00    0.378406548035590373E+00    0.314096215643258070E+00    0.113779901392632297E+03
    0.195200817682009975E-01    0.921792527305721450E+02    0.463335711744577949E+01    0.664380547462063986E+00    0.384248911524729675E+00    0.257684665801350188E+00    0.102511029420293028E+03
    0.215334128538602482E-01    0.917829286403792395E+02    0.824695270732066099E+01    0.721161576664382298E+00    0.409416372177000831E+00   -0.144201366168833112E+00    0.821374773102098885E+02
    0.221941642327379111E-01    0.915224815065698607E+02    0.581241887717092709E+01    0.672381716358463333E+00    0.388886341648716549E+00    0.218363752806868205E+00    0.688693059632258695E+02
    0.232063280373856207E-01    0.912332902669897692E+02    0.596932118080188090E+01    0.694359221120451564E+00    0.382352440828455153E+00    0.209809626110174535E+00    0.127862163312027320E+03
    0.215906833220467186E-01    0.911776164824968447E+02    0.725525113302094926E+01    0.664203776836214788E+00    0.406788212111351355E+00   -0.374010169836265574E-01    0.783616119767254418E+02
    0.218181387458579873E-01    0.909566569176269581E+02    0.468193888516121337E+01    0.660052286348383754E+00    0.374886076441284466E+00    0.378964857282035106E+00    0.102403310544764679E+03
    0.222441843998790224E-01    0.907179790720910688E+02    0.594099079648540673E+01    0.757027849224851446E+00    0.381381254128549563E+00    0.205314844498081767E+00    0.102411700440251437E+03
    0.204097836555171101E-01    0.906901115167341345E+02    0.422333360637250443E+01    0.691881179990250117E+00    0.371768322839428567E+00    0.394426223798090836E+00    0.126058172746649731E+03
    0.190005316396700125E-01    0.906332063507934436E+02    0.751913623041283685E+01    0.702549816125705107E+00    0.424766745122801381E+00   -0.262448612227563494E+00    0.735719431159808721E+02
    0.211494087040421525E-01    0.902189163747223546E+02    0.612829384822081735E+01    0.683071494905741705E+00    0.411687843112160390E+00   -0.470272842747634368E-01    0.607842496587013841E+02
    0.231613593662443780E-01    0.898371695793090055E+02    0.708565613763436275E+01    0.737989149474545747E+00    0.407449030921251509E+00   -0.760844976657158584E-01    0.763561181674188560E+02
    0.210876968261106933E-01    0.898247607071945140E+02    0.710354925297844986E+01    0.702694317869306029E+00    0.417422208988981414E+00   -0.155242335893980010E+00    0.600068717575839656E+02
    0.209828318778729553E-01    0.896347311229364720E+02    0.647320222699699244E+01    0.744720416948213781E+00    0.387693224446030549E+00    0.124128708125945564E+00    0.861244191949346032E+02
    0.213606161586826770E-01    0.893990425503014876E+02    0.635151226176099915E+01    0.689763822386784242E+00    0.394562606134634175E+00    0.103294706880831200E+00    0.907182308182882338E+02
    0.195234828070326924E-01    0.893789042952919885E+02    0.581304140933597147E+01    0.697571969543857584E+00    0.401394876100917564E+00    0.422256052052853367E-01    0.561628765199288438E+02
    0.191673477842436019E-01    0.892157238802679018E+02    0.700873640307569801E+01    0.740847239271714808E+00    0.412286143370092839E+00   -0.118237394411692107E+00    0.513147560331720243E+02
    0.177712716675919764E-01    0.891669738659804096E+02    0.574933335108578181E+01    0.679688037446191218E+00    0.386821750762647742E+00    0.183645404923568734E+00    0.101647717382459035E+03
    0.162862500616292281E-01    0.891414978757756842E+02    0.562467109032719748E+01    0.697229795271138486E+00    0.380279364115868768E+00    0.244065748284517936E+00    0.100058025277811410E+03
    0.189069863189579614E-01    0.886430772698761871E+02    0.582097609808231375E+01    0.714843672757269455E+00    0.401029387715194030E+00    0.500151354667967285E-01    0.561289206093114785E+02
    0.175078382672117366E-01    0.885968429071433405E+02    0.585660467585863209E+01    0.697841297551996975E+00    0.386387810579000568E+00    0.188416997967269850E+00    0.889956686695045391E+02
    0.159626617229354228E-01    0.885816355649412515E+02    0.510065427512313008E+01    0.700105521903363504E+00    0.379700329400479097E+00    0.264349093336341101E+00    0.976620512573078088E+02
    0.146434569525215868E-01    0.885541530478230641E+02    0.613155114026143799E+01    0.790088288315594300E+00    0.393833603887835393E+00    0.732318155503080687E-01    0.595198491146835735E+02
    0.157449483839598864E-01    0.882091011178179372E+02    0.585377402611676256E+01    0.774786283634527728E+00    0.406907741649669641E+00   -0.395686873364884950E-01    0.383015466742293356E+02
    0.157574254846849816E-01    0.880075168433845789E+02    0.534001718923449964E+01    0.714406407245384512E+00    0.401023628114414443E+00    0.649747815333235612E-01    0.591392099537875140E+02
    0.143409499410197868E-01    0.879959021161717914E+02    0.543437758145270422E+01    0.729358761268634304E+00    0.406265125446711450E+00    0.204800215927735708E-01    0.559041873917632159E+02
    0.131700141563838233E-01    0.879662550891121811E+02    0.600665399597452154E+01    0.726487154954543524E+00    0.389850076032407677E+00    0.133140429613964578E+00    0.896271495752138492E+02
    0.247929930842728137E-01    0.866976858948360274E+02    0.573937540511770905E+01    0.763842133965687453E+00    0.391021564062771054E+00    0.115371633506396856E+00    0.681145038308810911E+02
    0.159482552342913135E-01    0.875801091803912612E+02    0.601891585291603892E+01    0.749565905590594883E+00    0.397636200009125251E+00    0.613476005516769979E-01    0.700042450122935236E+02
    0.358288675206648657E-01    0.859613001998813786E+02    0.570530671053983784E+01    0.777051733109048737E+00    0.394396092405128684E+00    0.745049022305673270E-01    0.621021667049025723E+02
    0.347297877391056845E-01    0.860236125375016059E+02    0.535270928211595898E+01    0.768427217048889721E+00    0.397356023855816032E+00    0.695330340361257765E-01    0.525142010040998670E+02
    0.211353035540492104E-01    0.870169184544084118E+02    0.576082283665107475E+01    0.723946160521676041E+00    0.398026114708332102E+00    0.687564785687396762E-01    0.698840188925931614E+02
    0.278290142950890218E-01    0.864666497352446441E+02    0.568753251828056960E+01    0.773125613285136293E+00    0.396364997147115983E+00    0.574135701885139169E-01    0.517857370778324650E+02
    0.182950712566668366E-01    0.873055446608174037E+02    0.557884354266437477E+01    0.758800731572817133E+00    0.401633634690203356E+00    0.398020606653028269E-01    0.519070271529011649E+02
    0.157689549811935170E-01    0.876027217824338749E+02    0.529880741008228373E+01    0.758126115268772383E+00    0.399829597437275697E+00    0.305041735271093135E-01    0.396130780322988585E+02
    0.140476653409818443E-01    0.878338956193453981E+02    0.499146183252687337E+01    0.718733250983408789E+00    0.395086162636394123E+00    0.124985476469552589E+00    0.602699693887494874E+02
    0.326113052158105848E-01    0.861494900194519033E+02    0.567809019176995644E+01    0.795407151121018008E+00    0.396622698081007530E+00    0.499103472634140344E-01    0.532502690808684633E+02
