    0.246518958676216471E+02    0.802493401120806382E+01    0.217833491490707587E+01   -0.120028823027921461E+01    0.139697322690058354E+04   -0.115104266015851591E+52   -0.230091898153046470E+01    1
    0.297973147440153951E+01    0.887678399838068977E+01    0.331259304506735908E+00    0.266807922510248163E+01    0.106682771832605727E+04   -0.191744945161789965E+47   -0.240091898153046435E+01    1
    0.486478184267492182E+02    0.318426580679045035E+01    0.194042513361083202E+01    0.105551649627840338E+01    0.605835803411506845E+03   -0.103059689780931440E+29   -0.250091898153046444E+01    1
    0.184707303566817700E+02    0.394968317880965758E+01    0.168222552666474501E+01   -0.470296820882027422E+01    0.604368831704939566E+03   -0.684287084634179677E+27   -0.260091898153046497E+01    1
    0.794423280953112343E+01    0.367284460967392823E+01    0.384298154057630681E+00    0.204550446924402118E+01    0.323760223608085653E+03   -0.436953395738276921E+21   -0.270091898153046506E+01    1
    0.556018571698783717E+02    0.224894591550009260E+01    0.121459716746913737E+01   -0.163220265721662317E+00    0.304644301161289150E+03   -0.205847695281315643E+21   -0.280091898153046470E+01    1
    0.874022652270843423E+02    0.231897209898300272E+01    0.154902904956889492E+00    0.389068818856129317E+00    0.206935872049761883E+04   -0.421496441794830582E+20   -0.290091898153046479E+01    1
    0.649183202096001111E+02    0.140654006347342153E+01    0.109094404872976192E+01   -0.169158413300330412E+01    0.192985273943803577E+04   -0.110957663252263400E+17   -0.300091898153046532E+01    1
    0.903831643783759802E+02    0.111438182210882461E+00    0.318171043139879961E+01    0.333516654897565523E+01    0.187122041856973760E+04   -0.106097800265815360E+17   -0.310091898153046586E+01    1
    0.590236290083317741E+02    0.178407546259332839E+01    0.126558756708818859E+00    0.197696391487624723E+01    0.361094342537554553E+03   -0.446401076337805300E+16   -0.320091898153046506E+01    1
    0.867486171538500059E+02    0.289611198747368892E+01    0.306958820130080079E+00   -0.345635606477143531E+01    0.557790623940719911E+03   -0.972867088504224000E+15   -0.330091898153046515E+01    1
    0.638130426624243228E+02    0.117888760210683929E+01    0.712341836182392774E+00    0.856889161534116206E+00    0.176594963333694773E+04   -0.249460553383673875E+15   -0.340091898153046479E+01    1
    0.799143450749321360E+00    0.151189183016309991E+01    0.298475937692515236E+00   -0.274600466833383194E+01    0.200947852397614633E+04   -0.494640909029838672E+14   -0.350091898153046488E+01    1
    0.140788646049073066E+03    0.875898165708022924E+00    0.970556605865291799E+00    0.905650506359135909E+00    0.218689919059065346E+03   -0.454092819992580391E+14   -0.360091898153046541E+01    1
    0.108543905900581706E+03    0.429097353939989934E+00    0.853907697269939536E+00   -0.123728496428888515E+00    0.320981980744480666E+03   -0.597724369652240944E+10   -0.370091898153046506E+01    1
    0.105833640356593747E+03    0.590000258837449665E+00    0.945008065269525965E+00   -0.275459724166788877E+01    0.228382513341961072E+03   -0.324835839872120261E+09   -0.380091898153046559E+01    1
    0.255314928236442569E+02    0.855374303176512973E+00    0.915081751545283928E+00   -0.436514895955934357E+01    0.157432567811141166E+04   -0.298725304271726906E+09   -0.390091898153046568E+01    1
    0.749550011105275047E+02    0.490610955032504070E+00    0.967615402284666803E+00   -0.393485140407858136E+01    0.979890726276038436E+03   -0.133879175696659505E+09   -0.400091898153046532E+01    1
    0.149021586581887817E+03    0.491300398305985042E+00    0.906828236463906201E+00   -0.298168045554564998E+01    0.217469552267376258E+03   -0.489666565384992361E+08   -0.410091898153046586E+01    1
    0.297629268027129612E+01    0.105311305902940425E+00    0.152420415776164253E+01   -0.269247523893412755E+01    0.775291198533522675E+03   -0.299373869825383089E+08   -0.420091898153046550E+01    1
    0.319388584521226377E+02    0.631907241741231585E+00    0.595555870336548998E+00   -0.771882550076096852E+00    0.135416551681111423E+04   -0.135024137335901670E+08   -0.430091898153046603E+01    1
    0.371481221951788498E+02    0.582078105486051767E+00    0.155606575861734708E+00    0.267814042979930056E+01    0.149751861207726347E+04   -0.507392105939003825E+07   -0.440091898153046568E+01    1
    0.113561094739649761E+03    0.245210664950759466E+00    0.639260910281402861E+00   -0.132674590657614666E+01    0.131688116780996893E+04   -0.172208393174163601E+07   -0.450091898153046621E+01    1
    0.212801439490851365E+02    0.107324804295778264E+01    0.231942381932846053E+00    0.125471332180836681E+01    0.828549043828772710E+03   -0.105148079869130021E+07   -0.460091898153046674E+01    1
    0.119772253027407807E+02    0.161554713523827131E+01    0.908498596015979293E-01    0.437642478306554139E+01    0.116190604824216734E+04   -0.511775313383455679E+06   -0.470091898153046639E+01    1
    0.148264579376417913E+02    0.123387362011358137E+00    0.723485143607495024E-01    0.447052835428707773E+01    0.429069074336813514E+03   -0.453899227211075311E+06   -0.480091898153046603E+01    1
    0.242981876971410244E+02    0.276545587226397827E+00    0.557947398028861952E+00   -0.359321909688166630E+00    0.691021650294090364E+03   -0.309588929455156976E+05   -0.490091898153046657E+01    1
    0.145750450047598985E+02    0.723958271234785955E+00    0.775567884616708975E-01    0.483113976706623394E+01    0.143019180000940219E+04   -0.185911513891162904E+05   -0.500091898153046621E+01    1
    0.519570354807879511E+02    0.182205672518707090E+00    0.415254263068752405E+00    0.132222488590098042E+01    0.391832047125528106E+03   -0.138631511035188651E+05   -0.510091898153046674E+01    1
    0.612249211896702761E+02    0.364441168691733708E+00    0.784745214186237244E-01    0.488788697428613439E+01    0.929018631242583865E+03   -0.125987242641331341E+05   -0.520091898153046639E+01    1
    0.288476487864708702E+02    0.240761320919590543E+00    0.305218112400552577E+00    0.224560445967016298E+01    0.118834884197167071E+04   -0.793836865013810075E+04   -0.530091898153046692E+01    1
    0.952079929291042504E+01    0.450815011465910687E+00    0.139673521828193675E+00    0.347222427987621618E+01    0.142794060877947777E+04   -0.607389392420733657E+04   -0.540091898153046657E+01    1
    0.411093661654306004E+02    0.244215077312859297E+00    0.342838975342986685E+00   -0.145500095734675455E+00    0.546633312693697235E+03   -0.595646375700443332E+04   -0.550091898153046710E+01    1
    0.642974111436964932E+02    0.300140765543634114E+00    0.395161914136704318E+00    0.704116468153457409E+00    0.800388722098823337E+03   -0.481855120227329826E+04   -0.560091898153046674E+01    1
    0.957155486514451752E+02    0.593249446420246906E+00    0.529271185594253346E+00   -0.314225047213581554E+01    0.152723789522838365E+04   -0.379386423613442821E+04   -0.570091898153046639E+01    1
    0.752908631814272837E+02    0.100154170901544409E+00    0.992521843444400115E-01    0.480159149631997195E+01    0.312171736770165182E+03   -0.300022944812440664E+04   -0.580091898153046692E+01    1
    0.612293560288319796E+02    0.342225911451410181E+00    0.126149239356483117E+00    0.417351225063501374E+01    0.923669856290331722E+03   -0.134253774082212112E+04   -0.590091898153046746E+01    1
    0.228301219281255356E+02    0.449332659920841482E+00    0.261417392888919020E+00    0.219007192469926126E+01    0.177145591512839678E+04   -0.127014905484321253E+04   -0.600091898153046710E+01    1
    0.139225177483732576E+01    0.140970444896002495E+00    0.274333017916054689E+00    0.260453455258556499E+01    0.495395950339146339E+03   -0.107636893265997151E+04   -0.610091898153046763E+01    1
    0.145578271383911868E+03    0.128725751451215176E+00    0.597622256994617573E+00   -0.348739727267275468E+01    0.529087297940875601E+03   -0.107478967082029158E+04   -0.620091898153046728E+01    1
    0.739532518709304121E+01    0.301569108573552347E+00    0.459327953228095720E+00    0.286889233259761733E+00    0.999223229588374352E+03   -0.104091710687932573E+04   -0.630091898153046603E+01    1
    0.103756543843894761E+03    0.974717672319048711E-01    0.578140935186753024E+00   -0.170034493355146621E+01    0.477744355434727936E+03   -0.903571689547906431E+03   -0.640091898153046657E+01    1
    0.227065703224163187E+02    0.506529075167742038E+00    0.254986735232511030E+00    0.172561636207555535E+01    0.124675205049702640E+04   -0.548971915644025557E+03   -0.650091898153046799E+01    1
    0.144729296847615245E+02    0.114163973112109074E+00    0.197181274523661659E+00    0.398267224103651696E+01    0.158731632909617815E+03   -0.518134882472060212E+03   -0.660091898153046763E+01    1
    0.930907782386742468E+02    0.162664180117009810E+00    0.276412375099408636E+00    0.141585974177960772E+01    0.943993870494315502E+03   -0.394786674332470056E+03   -0.670091898153046817E+01    1
    0.351922143782952475E+02    0.368735217246659142E+00    0.391781294382445633E+00   -0.502802435729293840E+00    0.718309696514417737E+03   -0.392925455381126710E+03   -0.680091898153046692E+01    1
    0.129425999154874233E+03    0.104240023692406286E+00    0.608481578115635302E+00   -0.252089495435544331E+01    0.416835978063761900E+03   -0.387588849618974109E+03   -0.690091898153046746E+01    1
    0.970093185495094730E+02    0.139745244633587146E+00    0.351613005354219410E+00    0.956239153598840597E+00    0.867480831567119139E+03   -0.364478896466997753E+03   -0.700091898153046710E+01    1
    0.259278190375736894E+01    0.368025828579145675E+00    0.240535617434242177E+00    0.237430004423124696E+01    0.836768855992232602E+03   -0.256102699200011330E+03   -0.710091898153046674E+01    1
    0.421350662997308163E+02    0.100219758260528105E+00    0.164893452564014109E+00    0.386789044845697605E+01    0.377901868773477645E+03   -0.192153781747486391E+03   -0.720091898153046728E+01    1
    0.477376115349841967E+01    0.410110854601303143E+00    0.220103388564805880E+00    0.299524031443500638E+01    0.112121115489520344E+04   -0.180040528298536628E+03   -0.730091898153046781E+01    1
    0.556431525414610633E+02    0.239922320910122250E+00    0.229978448304002742E+00    0.246452816094700244E+01    0.128026221237189247E+04   -0.162918514460061601E+03   -0.740091898153046834E+01    1
    0.246340796215701516E+02    0.273305491885250162E+00    0.366803985777392538E+00    0.799144808065538115E+00    0.702650644980490824E+03   -0.161765547410821569E+03   -0.750091898153046799E+01    1
    0.413467643619634444E+02    0.322499922778892056E+00    0.250647049988636628E+00    0.213204745913841931E+01    0.930476953082848013E+03   -0.145731035054467895E+03   -0.760091898153046852E+01    1
    0.438864284814042733E+02    0.203567918361241218E+00    0.131191474929159863E+00    0.406948125860152743E+01    0.504814870125307607E+03   -0.130175558766504054E+03   -0.770091898153046639E+01    1
    0.100823811605036738E+03    0.159035505576058639E+00    0.454738540776239264E+00   -0.789993239184612506E+00    0.507613544446926198E+03   -0.129997683194651017E+03   -0.780091898153046781E+01    1
    0.711377424828773286E+01    0.259579662684743862E+00    0.151281945713887311E+00    0.399179965052739494E+01    0.696155391918874784E+03   -0.128072919014242757E+03   -0.790091898153046834E+01    1
    0.314337392498486778E+02    0.106296937740324199E+00    0.188102577333991272E+00    0.337591530519594052E+01    0.236401339716236009E+03   -0.125890158840546434E+03   -0.800091898153046799E+01    1
    0.367537053902822421E+02    0.104747754544821270E+00    0.264649828687663402E+00    0.188972347260575368E+01    0.278765449183346391E+03   -0.123545981832440773E+03   -0.810091898153046763E+01    1
    0.490754361824570573E+01    0.315226756194333546E+00    0.272436425491784651E+00    0.204559284250968831E+01    0.879576468514552289E+03   -0.113514737113102328E+03   -0.820091898153046728E+01    1
    0.132938628695891552E+02    0.167091675780703525E+00    0.343102423222851616E+00    0.639372154465184361E+00    0.373493452155881187E+03   -0.113160791694985306E+03   -0.830091898153046870E+01    1
    0.200498520113369203E+02    0.197348238892807670E+00    0.257259554330624252E+00    0.228121252572105071E+01    0.794712158434415414E+03   -0.112181987754347432E+03   -0.840091898153046834E+01    1
    0.750407498423449404E+01    0.246356316100609485E+00    0.220160826753718120E+00    0.284216912337692040E+01    0.933189568473222948E+03   -0.106529214213557410E+03   -0.850091898153046799E+01    1
    0.164895153552009504E+02    0.284104949538796780E+00    0.337738534879464425E+00    0.108091194495705256E+01    0.874917758729433444E+03   -0.103929951595078094E+03   -0.860091898153046763E+01    1
    0.555475454978831991E+02    0.247999022882514991E+00    0.400042530655140172E+00   -0.172280609934856332E+00    0.665176327081187765E+03   -0.101687103226015964E+03   -0.870091898153046728E+01    1
    0.380779937267473798E+02    0.145610736698496473E+00    0.502820194634026496E+00   -0.858592606493655319E+00    0.274419389853269990E+03   -0.967120275068632793E+02   -0.880091898153046870E+01    1
    0.494495868992066079E+02    0.967801539393211702E-01    0.358761893013644417E+00    0.362524546316527529E+00    0.374035079897750279E+03   -0.965235109674161578E+02   -0.890091898153046834E+01    1
    0.484305392107679040E+02    0.119692107758089902E+00    0.391458348187653682E+00   -0.908528750011519393E-01    0.616602945115228636E+02   -0.959207473211192791E+02   -0.900091898153046799E+01    1
    0.559101994095406667E+02    0.183959426960355055E+00    0.400624256609526441E+00   -0.757553103721829296E-01    0.651116308130035350E+03   -0.943564874607897934E+02   -0.910091898153046941E+01    1
    0.129043474803489389E+02    0.162777045948672927E+00    0.390974075139680077E+00    0.725919012058805380E+00    0.648426335684374521E+03   -0.925331321258887272E+02   -0.920091898153046905E+01    1
    0.358623485963127919E+02    0.190388184140593830E+00    0.357820924727621836E+00    0.383914109463502573E+00    0.418564662729241263E+03   -0.900915504356968597E+02   -0.930091898153046870E+01    1
    0.567104612035334910E+01    0.118239302033231630E+00    0.344274793541330559E+00    0.113218350493791431E+01    0.462174097707973715E+03   -0.883735713092817150E+02   -0.940091898153046834E+01    1
    0.935410113242619019E+02    0.109778192244627024E+00    0.428817910212787423E+00   -0.577368117383243895E+00    0.875283503349495078E+02   -0.881864672488388663E+02   -0.950091898153046799E+01    1
    0.299626436514255019E+02    0.160608346130577090E+00    0.378052224033561479E+00    0.544347297662223006E+00    0.353550847510718711E+03   -0.877819309249497906E+02   -0.960091898153046941E+01    1
    0.415786563204951918E+02    0.114212555943091654E+00    0.367625318586741079E+00    0.399765017553072644E+00    0.910191159953145927E+02   -0.854686922357043670E+02   -0.970091898153046905E+01    1
    0.373800496620242555E+02    0.118199313309655538E+00    0.403507244685197608E+00    0.928745784408511882E-01    0.697923971420435578E+03   -0.853147427767298581E+02   -0.980091898153046870E+01    1
    0.199294659841327686E+02    0.122442495476143956E+00    0.306367302847085854E+00    0.126416261828479737E+01    0.545271234509476244E+03   -0.852187279078373052E+02   -0.990091898153046834E+01    1
    0.390934224631448473E+02    0.149863277177291976E+00    0.401083418731314922E+00    0.763752153868069716E-01    0.107386993657947883E+03   -0.819047239174482797E+02   -0.100009189815304698E+02    1
    0.159346922059264511E+02    0.176186886300524537E+00    0.344420836510587303E+00    0.939931872996584650E+00    0.599012675740783180E+02   -0.789772866772709392E+02   -0.101009189815304694E+02    1
    0.116671142902179668E+02    0.103287109217002127E+00    0.299849281393454015E+00    0.136777878012858567E+01    0.102439067989027663E+03   -0.771722369681084928E+02   -0.102009189815304691E+02    1
    0.170273386459069229E+02    0.168257402228109199E+00    0.391114685278540153E+00    0.283994363798548366E+00    0.289221365813972255E+02   -0.763468556973590182E+02   -0.103009189815304687E+02    1
    0.200922084443911828E+02    0.176033229443364941E+00    0.379278153399397799E+00    0.508381105059770411E+00    0.696176565562157748E+03   -0.762442341001272723E+02   -0.104009189815304683E+02    1
    0.149949150792194210E+02    0.121752296341528829E+00    0.379121019056832542E+00    0.726391584069465024E+00    0.252134270100499748E+03   -0.762398114280914427E+02   -0.105009189815304680E+02    1
    0.299106878694593732E+02    0.111732468571023383E+00    0.362083327440371583E+00    0.516486642804968810E+00    0.297978872930394118E+03   -0.756914052503389883E+02   -0.106009189815304694E+02    1
    0.389721777521718309E+02    0.132632121287672766E+00    0.397073765799544176E+00    0.554654324404173504E-01    0.492673196661093243E+03   -0.752118899994069636E+02   -0.107009189815304691E+02    1
    0.820804245773578245E+01    0.127052269242747123E+00    0.291024427540183872E+00    0.155077109069815489E+01    0.310782810285209848E+03   -0.750277376322702310E+02   -0.108009189815304687E+02    1
    0.715775092595283002E+01    0.219631558457689807E+00    0.312125698096423432E+00    0.125472902461476066E+01    0.920167767967097205E+02   -0.732665933950480905E+02   -0.109009189815304701E+02    1
    0.287032673611783551E+02    0.213169164663429417E+00    0.425789472130578051E+00   -0.239232385047464774E+00    0.189862615183603225E+03   -0.729118339926506280E+02   -0.110009189815304698E+02    1
    0.106712324289900042E+02    0.134673757223527618E+00    0.296611888897608755E+00    0.146858353642558281E+01    0.605178131489438215E+03   -0.727889706771935039E+02   -0.111009189815304694E+02    1
    0.980609564536455558E+01    0.157921800079735108E+00    0.357088635651001296E+00    0.978317578660790166E+00    0.904149148495508371E+03   -0.722637332884598891E+02   -0.112009189815304691E+02    1
    0.760918332532209263E+01    0.189818751415661346E+00    0.373296006200334096E+00    0.849201313025224724E+00    0.290551318355038688E+03   -0.719809854686340884E+02   -0.113009189815304705E+02    1
    0.982203702454540029E+01    0.117861262567492298E+00    0.331014356347070382E+00    0.995446397572676389E+00    0.694338099931341844E+03   -0.718200029316536472E+02   -0.114009189815304701E+02    1
    0.982728691813343858E+01    0.159779382929366026E+00    0.338585769972722384E+00    0.105764400783714052E+01    0.363318140015973086E+02   -0.717118394940969921E+02   -0.115009189815304698E+02    1
    0.242296465878217901E+02    0.125765527972662244E+00    0.367046370121744292E+00    0.488504281067720258E+00    0.985748039921187001E+03   -0.716348329550721132E+02   -0.116009189815304694E+02    1
    0.264400312287110779E+02    0.121937491623576977E+00    0.389259406039213329E+00    0.223970240267543252E+00    0.564952201502478147E+03   -0.715808592703744324E+02   -0.117009189815304691E+02    1
    0.279763398428253822E+02    0.164696122439807829E+00    0.389210931032062557E+00    0.176860577065372754E+00    0.406348802940058590E+03   -0.708455651643081978E+02   -0.118009189815304705E+02    1
    0.192339827622287842E+02    0.174744884801481704E+00    0.386203766607807530E+00    0.420056125225621246E+00    0.548515644823127900E+03   -0.708006735605939497E+02   -0.119009189815304701E+02    1
    0.171395926879320939E+02    0.136346266775248665E+00    0.352281478528532421E+00    0.759578072175855934E+00    0.172039978425123508E+03   -0.707416179762248731E+02   -0.120009189815304698E+02    1
    0.143965515340698307E+02    0.219827829857278029E+00    0.335360517895771093E+00    0.976564323476155849E+00    0.429460502236976595E+03   -0.694815536198966299E+02   -0.121009189815304694E+02    1
    0.222247710667658254E+02    0.168276095080167942E+00    0.390019205056716611E+00    0.276614325456810528E+00    0.442928363664743642E+03   -0.689583636486575529E+02   -0.122009189815304691E+02    1
    0.131530580894398561E+02    0.150765870336307034E+00    0.380508762150558177E+00    0.580366647351375331E+00    0.807922529862853821E+03   -0.689146520219442493E+02   -0.123009189815304705E+02    1
    0.187636160724152106E+02    0.141569442019856273E+00    0.381323460671288583E+00    0.390133079348592093E+00    0.669753660557504645E+03   -0.684214944498512665E+02   -0.124009189815304701E+02    1
    0.145671242266250385E+02    0.193070402024483834E+00    0.326583760073019314E+00    0.106492209895681023E+01    0.956959248638718122E+03   -0.683742511344117503E+02   -0.125009189815304698E+02    1
    0.176490085669302417E+02    0.177905802475011338E+00    0.356432004154456306E+00    0.719211909482106337E+00    0.457687529279824957E+03   -0.681523180985174974E+02   -0.126009189815304712E+02    1
    0.862347798290817735E+01    0.137739554918164170E+00    0.324187160409045660E+00    0.125500458155741601E+01    0.604595290927961514E+03   -0.675977731921945519E+02   -0.127009189815304708E+02    1
    0.188480957388839165E+02    0.145096486741486397E+00    0.348702569498950066E+00    0.761810042975757495E+00    0.763086400218261815E+03   -0.669745329912402525E+02   -0.128009189815304705E+02    1
    0.850681569956913108E+01    0.197997906283725988E+00    0.306440886235214927E+00    0.138601474220840526E+01    0.119479702604418935E+04   -0.669151597126851527E+02   -0.129009189815304701E+02    1
    0.182535794273960406E+02    0.110373224887900911E+00    0.360721612096345345E+00    0.625278526209869456E+00    0.732630676073888026E+03   -0.668136216042338162E+02   -0.130009189815304698E+02    1
    0.661280214583385284E+01    0.260259269944787652E+00    0.318201578615658898E+00    0.118303386308063985E+01    0.117376396875873274E+04   -0.667129583833619506E+02   -0.131009189815304712E+02    1
    0.156569484124130778E+02    0.104261779175010588E+00    0.352233456911191345E+00    0.795973138222837218E+00    0.121135397275665196E+04   -0.666796244430995557E+02   -0.132009189815304708E+02    1
    0.112881378533379113E+02    0.130843093407226302E+00    0.365082503805340075E+00    0.732158700399653362E+00    0.976490505710853199E+03   -0.664476671979259805E+02   -0.133009189815304705E+02    1
    0.157077267236176077E+02    0.975213819572847002E-01    0.349364929150432546E+00    0.853576919548363899E+00    0.775814349684299145E+03   -0.656277682651624872E+02   -0.134009189815304701E+02    1
    0.920572230201236152E+01    0.156673158531376755E+00    0.321090084227317329E+00    0.111360132180631433E+01    0.840601623483332787E+03   -0.655970860076188984E+02   -0.135009189815304715E+02    1
    0.118154701414913959E+02    0.992591021885503993E-01    0.330895263994233746E+00    0.100229215798533811E+01    0.161027034738810994E+04   -0.655923522085242610E+02   -0.136009189815304712E+02    1
    0.866730262513829608E+01    0.128225770561347208E+00    0.321897050960847086E+00    0.126764642259723459E+01    0.109066471455612168E+04   -0.651217837869571099E+02   -0.137009189815304708E+02    1
    0.147439756472036372E+02    0.104295730134405670E+00    0.334644219291621692E+00    0.927162126739393688E+00    0.120606660383136727E+04   -0.649959473321659260E+02   -0.138009189815304723E+02    1
    0.118100547622715659E+02    0.124134026520856561E+00    0.328352150718636659E+00    0.113978083349509896E+01    0.125805005854407636E+04   -0.647798091841059431E+02   -0.139009189815304701E+02    1
    0.103851118843574852E+02    0.234081558847341858E+00    0.319556937292119980E+00    0.108650775635596841E+01    0.108599098283306785E+04   -0.644799354561130400E+02   -0.140009189815304715E+02    1
    0.117648064681301392E+02    0.141394472503585777E+00    0.336411894731777406E+00    0.946179908188959473E+00    0.155187463658778506E+04   -0.644316028083097763E+02   -0.141009189815304712E+02    1
    0.126368426289777158E+02    0.118132906460130110E+00    0.328555542818032231E+00    0.100575723741040424E+01    0.129722465394699134E+04   -0.642491273784585530E+02   -0.142009189815304708E+02    1
    0.109419141766641310E+02    0.280492332721229809E+00    0.348797239441910156E+00    0.794953142008381186E+00    0.977525188829442186E+03   -0.642372147590930496E+02   -0.143009189815304723E+02    1
    0.131556539796132981E+02    0.124046746359315910E+00    0.336704830240781239E+00    0.101549055225909557E+01    0.102072100819586228E+04   -0.642190495345015790E+02   -0.144009189815304719E+02    1
    0.705826467326235996E+01    0.429494847775647393E+00    0.334336737447535948E+00    0.951193435322450598E+00    0.647930693996316336E+03   -0.640158874147005434E+02   -0.145009189815304715E+02    1
    0.116265297200307440E+02    0.187129416039673119E+00    0.353034611316280555E+00    0.742272696163842505E+00    0.105688127232944930E+04   -0.638678453458448629E+02   -0.146009189815304712E+02    1
    0.922743002366678233E+01    0.246569734367510035E+00    0.319211777723286072E+00    0.113010621021240909E+01    0.681659352299897705E+03   -0.637972375233469080E+02   -0.147009189815304708E+02    1
    0.941725554641052653E+01    0.128093981018634728E+00    0.312713504250478058E+00    0.128038841567229222E+01    0.105230255181931580E+04   -0.634897973466262897E+02   -0.148009189815304723E+02    1
    0.122153718221230356E+02    0.101340611286430696E+00    0.322547620491320852E+00    0.114232314327647511E+01    0.961728105145414474E+03   -0.634630435960719552E+02   -0.149009189815304719E+02    1
    0.102499145207908828E+02    0.111426394608726276E+00    0.340837835524492150E+00    0.101501889382484634E+01    0.102563320260894920E+04   -0.634121366969302542E+02   -0.150009189815304715E+02    1
    0.104888953549374371E+02    0.197377662628584277E+00    0.318704684411220351E+00    0.116215209175937884E+01    0.915272865890772550E+03   -0.633797252633297248E+02   -0.151009189815304730E+02    1
    0.775677916113841004E+01    0.225369056132027595E+00    0.329168365554301623E+00    0.104752615672971405E+01    0.100224600913063773E+04   -0.633433007391016787E+02   -0.152009189815304726E+02    1
    0.683377495520509992E+01    0.355197504333889746E+00    0.332143588760800634E+00    0.998937452769028567E+00    0.781541433232629856E+03   -0.632356792815665472E+02   -0.153009189815304723E+02    1
    0.128117153793980680E+02    0.153950600450300623E+00    0.348548311371100539E+00    0.839032252631908948E+00    0.103204624237918006E+04   -0.631785519477320534E+02   -0.154009189815304719E+02    1
    0.807301954567252800E+01    0.306807562193770644E+00    0.325567786108742596E+00    0.101667339054056538E+01    0.751318305254049051E+03   -0.628128399702946965E+02   -0.155009189815304715E+02    1
    0.979854527299825406E+01    0.169498366945904699E+00    0.334301437761186815E+00    0.103102212204740717E+01    0.634162943840357229E+03   -0.625258948966736980E+02   -0.156009189815304730E+02    1
    0.110793573273169645E+02    0.188816918513035642E+00    0.350316372374062657E+00    0.830636378166284439E+00    0.978215499356561054E+03   -0.624148405520565603E+02   -0.157009189815304726E+02    1
    0.107118343255602539E+02    0.115897543642627790E+00    0.329802426330628284E+00    0.108476042988545562E+01    0.107959971427938831E+04   -0.621736030343908652E+02   -0.158009189815304723E+02    1
    0.116446746380955339E+02    0.208884409510579072E+00    0.332855719925053861E+00    0.991877672243543840E+00    0.876372472439209901E+03   -0.620831932927805141E+02   -0.159009189815304737E+02    1
    0.760657815130775461E+01    0.284510225059949662E+00    0.342429092289252002E+00    0.910821258014598234E+00    0.730586895427451736E+03   -0.618092951121775513E+02   -0.160009189815304715E+02    1
    0.100785908813463543E+02    0.289398646162352224E+00    0.362501629533824143E+00    0.645326111242751632E+00    0.755691296652501933E+03   -0.617975077369773373E+02   -0.161009189815304730E+02    1
    0.902007582330461588E+01    0.215779653248740655E+00    0.322626578627817850E+00    0.110693112219115841E+01    0.104102529906172981E+04   -0.617289793377265781E+02   -0.162009189815304708E+02    1
    0.110481539543116263E+02    0.238793188777949417E+00    0.334596552482504028E+00    0.942496490754552108E+00    0.615014354895142787E+03   -0.616128176664153671E+02   -0.163009189815304723E+02    1
    0.999295037608279557E+01    0.195517865630676552E+00    0.344785562940054247E+00    0.903536340024629792E+00    0.644493607526668598E+03   -0.615765233649587174E+02   -0.164009189815304737E+02    1
    0.101765556250400859E+02    0.193074475603308038E+00    0.334805567629385570E+00    0.984533220122405739E+00    0.118982460746364313E+04   -0.614961993861990450E+02   -0.165009189815304715E+02    1
    0.957481744254616629E+01    0.236476549731282432E+00    0.327899861734541165E+00    0.103220858062214793E+01    0.721984254721457319E+03   -0.614656739711921318E+02   -0.166009189815304730E+02    1
    0.960172718517360479E+01    0.193975756326476512E+00    0.339184482196160209E+00    0.953653345308142608E+00    0.724369042978644643E+03   -0.614379282461763125E+02   -0.167009189815304744E+02    1
    0.101534780379942937E+02    0.175010004571188427E+00    0.332163971660704660E+00    0.103421756930949327E+01    0.890226874826102971E+03   -0.612755778801521842E+02   -0.168009189815304723E+02    1
    0.871652098226780581E+01    0.296281682316185013E+00    0.330226063243316437E+00    0.967575309841496423E+00    0.718843896736543570E+03   -0.612180354345101989E+02   -0.169009189815304737E+02    1
    0.985280225465814041E+01    0.389554237403371750E+00    0.341795853773749270E+00    0.797020682472753261E+00    0.583606177033030008E+03   -0.612009051581481955E+02   -0.170009189815304751E+02    1
    0.109930693492247507E+02    0.227838810629053229E+00    0.339375497576148377E+00    0.897286740809475569E+00    0.691404907187732533E+03   -0.606893547290563475E+02   -0.171009189815304730E+02    1
    0.997512413751531390E+01    0.272598933147849165E+00    0.344516079492806104E+00    0.846632175145740073E+00    0.862389024470430968E+03   -0.605499501948802248E+02   -0.172009189815304744E+02    1
    0.111982264554777835E+02    0.281646846894331837E+00    0.341946809006954122E+00    0.828644340589349659E+00    0.711959143497524337E+03   -0.605389889661766034E+02   -0.173009189815304723E+02    1
    0.918552013524077182E+01    0.261883522886807441E+00    0.343590148440221399E+00    0.862643830166331504E+00    0.844381226800092918E+03   -0.602159380731213218E+02   -0.174009189815304737E+02    1
    0.952982663247320616E+01    0.274046798097300093E+00    0.357063342484795154E+00    0.734856117537246556E+00    0.552563666838062773E+03   -0.601965585797704392E+02   -0.175009189815304751E+02    1
    0.102415395667524969E+02    0.249069834342843466E+00    0.346871675965613468E+00    0.826568085893354176E+00    0.779464670661199989E+03   -0.601472023719904598E+02   -0.176009189815304730E+02    1
    0.782485513822524403E+01    0.343369648606768385E+00    0.350057477202504630E+00    0.771718295225331086E+00    0.463733275409178646E+03   -0.600617255256128786E+02   -0.177009189815304744E+02    1
    0.800174481236476787E+01    0.359776462399632790E+00    0.353829552590441132E+00    0.751528948462720892E+00    0.382249325475095475E+03   -0.600545371287620497E+02   -0.178009189815304723E+02    1
    0.884677616626574626E+01    0.322738585273897483E+00    0.336440094252100030E+00    0.891735788444216082E+00    0.736931183653282233E+03   -0.600001803427841409E+02   -0.179009189815304737E+02    1
    0.855698661227785884E+01    0.349985073394729840E+00    0.369871880275524534E+00    0.587972277910577379E+00    0.379155928142554103E+03   -0.599562758329889718E+02   -0.180009189815304751E+02    1
    0.101929244307951343E+02    0.358018307516695444E+00    0.360949229922091053E+00    0.641124197813551233E+00    0.473540878676504576E+03   -0.599360580025739225E+02   -0.181009189815304730E+02    1
    0.100025545127569906E+02    0.334532160190292638E+00    0.351491800210320893E+00    0.742988548583530251E+00    0.589228018307891716E+03   -0.596919589598102007E+02   -0.182009189815304744E+02    1
