    0.122283301102621706E+02    0.911171822630065087E+01    0.215414028454400297E+01   -0.120028823027921461E+01    0.253811135571291118E+03   -0.111741941562165342E+56   -0.230091898153046470E+01    1
    0.147806644586624270E+01    0.100789307969403836E+02    0.327580028022655401E+00    0.266807922510248163E+01    0.193828163226878956E+03   -0.612737927871055140E+51   -0.240091898153046435E+01    1
    0.916222384647515042E+01    0.448457272772706528E+01    0.166354115240877065E+01   -0.470296820882027422E+01    0.109805640169109509E+03   -0.637793986412741043E+29   -0.250091898153046444E+01    1
    0.241312711225474246E+02    0.361549799021347251E+01    0.191887295238578215E+01    0.105551649627840338E+01    0.110072169081421492E+03   -0.570354285467011849E+29   -0.260091898153046497E+01    1
    0.394065843006071281E+01    0.417024303571788657E+01    0.380029778371685112E+00    0.204550446924402118E+01    0.588228524530136241E+02   -0.440500800666860100E+22   -0.270091898153046506E+01    1
    0.275807535399311696E+02    0.255351152540403170E+01    0.120110671230274035E+01   -0.163220265721662317E+00    0.553497479651926554E+02   -0.250455990313810231E+21   -0.280091898153046470E+01    1
    0.433550327050196742E+02    0.263302107046301392E+01    0.153182408029649053E+00    0.389068818856129317E+00    0.375974483003626460E+03   -0.939454580884469023E+20   -0.290091898153046479E+01    1
    0.161937033103788934E+02    0.158225124196361744E+01    0.258569471138763429E+01    0.167249071851315456E+01    0.199997574106156378E+03   -0.586409871122557911E+20   -0.300091898153046532E+01    1
    0.292780897540421421E+02    0.202568555540810458E+01    0.125153076472586416E+00    0.197696391487624723E+01    0.656059567663767496E+02   -0.893694009540277700E+16   -0.310091898153046586E+01    1
    0.322020932584477251E+02    0.159702207077009284E+01    0.107882700105946050E+01   -0.169158413300330412E+01    0.350628133632079312E+03   -0.346987172524294150E+16   -0.320091898153046506E+01    1
    0.448336783655049871E+02    0.126529802555205628E+00    0.314637137160444658E+01    0.333516654897565523E+01    0.339975434171417305E+03   -0.503854075980591812E+15   -0.330091898153046515E+01    1
    0.396407236737185809E+00    0.171664119927365655E+01    0.295160784023847100E+00   -0.274600466833383194E+01    0.365095061419386866E+03   -0.949191825649981719E+14   -0.340091898153046479E+01    1
    0.316538312187691346E+02    0.133853956130658780E+01    0.704429899730085962E+00    0.856889161534116206E+00    0.320849156711042383E+03   -0.546189177346853750E+14   -0.350091898153046488E+01    1
    0.363356040717605300E+00    0.640419612831193530E+00    0.341347450426336296E+01    0.456664418150429707E+01    0.321258859301693974E+03   -0.301322311278579375E+14   -0.360091898153046541E+01    1
    0.698368210262531903E+02    0.994517496308191973E+00    0.959776694032335009E+00    0.905650506359135909E+00    0.397329996205612517E+02   -0.646376726724789062E+13   -0.370091898153046506E+01    1
    0.538421353042005464E+02    0.487208265549813391E+00    0.844423397606813397E+00   -0.123728496428888515E+00    0.583180833117546342E+02   -0.406020222371228635E+09   -0.380091898153046559E+01    1
    0.126646455157784459E+02    0.971214170443921554E+00    0.904917995467593661E+00   -0.436514895955934357E+01    0.286033676541559657E+03   -0.358472808783609942E+08   -0.390091898153046568E+01    1
    0.524977347787268300E+02    0.669901597254630610E+00    0.934511919487326814E+00   -0.275459724166788877E+01    0.414940128699215762E+02   -0.270317814501792416E+08   -0.400091898153046532E+01    1
    0.371806899524692369E+02    0.557052403764187631E+00    0.956868158216877207E+00   -0.393485140407858136E+01    0.178032887948537535E+03   -0.933935010039452463E+07   -0.410091898153046586E+01    1
    0.184269600852743594E+02    0.660906578855393390E+00    0.153878263305536833E+00    0.267814042979930056E+01    0.272078871771765989E+03   -0.810494212795601692E+07   -0.420091898153046550E+01    1
    0.739206900785172536E+02    0.557835215539612017E+00    0.896756151664688028E+00   -0.298168045554564998E+01    0.395112754849460543E+02   -0.344103668739375379E+07   -0.430091898153046603E+01    1
    0.147636066591196835E+01    0.119573188276833386E+00    0.150727491701792737E+01   -0.269247523893412755E+01    0.140859921800222509E+03   -0.126920382684254483E+07   -0.440091898153046568E+01    1
    0.158429561196736017E+02    0.717483872622920793E+00    0.588941068340426255E+00   -0.771882550076096852E+00    0.246033553796785100E+03   -0.115270585815926525E+07   -0.450091898153046621E+01    1
    0.396113110846698149E+02    0.564111290943434707E+00    0.913644160945537243E+00   -0.413388669786737672E+01    0.113224503244703968E+03   -0.105673118201632425E+07   -0.460091898153046674E+01    1
    0.735451841111854954E+01    0.140097211237354718E+00    0.715449439132958276E-01    0.447052835428707773E+01    0.779560458990095384E+02   -0.694841961661779322E+06   -0.470091898153046639E+01    1
    0.312141339465846102E+02    0.209307985643257033E+00    0.649450899274715887E+00   -0.375135489612421935E+00    0.261494752954248327E+03   -0.471655028713183303E+06   -0.480091898153046603E+01    1
    0.563308624057225131E+02    0.278418549235994239E+00    0.632160679125956304E+00   -0.132674590657614666E+01    0.239259492006057258E+03   -0.812337725503744005E+05   -0.490091898153046657E+01    1
    0.668366394260136776E+01    0.795952017015008173E+00    0.167283293895385127E+00    0.377265185078180387E+01    0.418726560888804897E+03   -0.229497904731737144E+05   -0.500091898153046621E+01    1
    0.472269870408517178E+01    0.511867057215278920E+00    0.138122176711785810E+00    0.347222427987621618E+01    0.259437489898632407E+03   -0.908875692346863798E+04   -0.510091898153046674E+01    1
    0.313098098486339964E+02    0.416296965765254046E+00    0.466245069477607244E+00    0.409356657638990873E+00    0.106105197171448992E+03   -0.741718638761659440E+04   -0.520091898153046639E+01    1
    0.474787550572130570E+02    0.673590809113257083E+00    0.523392603467305761E+00   -0.314225047213581554E+01    0.277478463445892885E+03   -0.318320652971976142E+04   -0.530091898153046692E+01    1
    0.519380607534106709E+01    0.160149219600851100E+00    0.646617708218819587E+00   -0.528903204901053248E+00    0.184482368776511493E+03   -0.240914598289697733E+04   -0.540091898153046657E+01    1
    0.132957735356060596E+02    0.307582724183438516E+00    0.374453122834119245E+00   -0.425992252417688511E+00    0.231939014702432814E+03   -0.196299014685516454E+04   -0.550091898153046710E+01    1
    0.120528766565172702E+02    0.313997032749987359E+00    0.551750310994647775E+00   -0.359321909688166630E+00    0.125549284974215439E+03   -0.156867506531786876E+04   -0.560091898153046674E+01    1
    0.346759837191937947E+02    0.429291790924639205E+00    0.310954136019469307E+00    0.631376022277795879E+00    0.138375000047139281E+03   -0.138967651129205069E+04   -0.570091898153046639E+01    1
    0.209940813226990777E+02    0.352323394251927269E+00    0.470944661018325106E+00   -0.470721560499396285E+00    0.321830497546306106E+03   -0.702851570741838032E+03   -0.580091898153046692E+01    1
    0.373709227637649519E+02    0.288248212581187491E+00    0.527751865066691472E+00   -0.223006286929366615E+01    0.183717539547737829E+03   -0.412967919425491687E+03   -0.590091898153046746E+01    1
    0.356549841407667811E+01    0.148065192785342609E+00    0.318969384748912066E+00    0.279476868501165221E+01    0.123212536143296461E+03   -0.253697044434503482E+03   -0.600091898153046710E+01    1
    0.244234610374557768E+02    0.522587196011043864E+00    0.288658465725496638E+00    0.155124785527153164E+01    0.169519197527347501E+03   -0.107371211488424393E+03   -0.610091898153046763E+01    1
    0.385204864247188317E+01    0.405241183790748027E+00    0.180327784223439896E+00    0.361732172168561839E+01    0.237175722664607036E+03   -0.100628061771395863E+03   -0.620091898153046728E+01    1
    0.232693422828542076E+02    0.345673427526713206E+00    0.304047963972186308E+00    0.131325646652382022E+01    0.136763140829399077E+03   -0.871984695457350227E+02   -0.630091898153046603E+01    1
    0.466486196175128001E+02    0.118065541429927229E+00    0.476265879445400497E+00   -0.386542312747197581E+00    0.432772839703383738E+02   -0.870347256265286404E+02   -0.640091898153046657E+01    1
    0.514674115141572344E+02    0.110671972728531312E+00    0.571719559791775467E+00   -0.170034493355146621E+01    0.867996859429376570E+02   -0.849613097728972519E+02   -0.650091898153046799E+01    1
    0.119111604088516287E+02    0.313215151187710761E+00    0.239898553523008429E+00    0.241792521976009356E+01    0.114437091809580650E+03   -0.848988244965362497E+02   -0.660091898153046763E+01    1
    0.844652678786532007E+01    0.422157532596769192E+00    0.333163507633639222E+00    0.122808064234467862E+01    0.200386952088418070E+03   -0.844565049503864174E+02   -0.670091898153046817E+01    1
    0.513125725040645264E+02    0.110302673650254202E+00    0.492816446010900244E+00   -0.830338725305035275E+00    0.113961602928464885E+03   -0.841617260394489648E+02   -0.680091898153046692E+01    1
    0.949743259003320794E+01    0.505433412189392528E+00    0.270163030460086662E+00    0.190715225768637842E+01    0.236773092624897714E+03   -0.835920048338834079E+02   -0.690091898153046746E+01    1
    0.529701502000713802E+02    0.233018240431056595E+00    0.460681666806979251E+00   -0.551328641909401118E+00    0.705146007884702613E+02   -0.832605027786675151E+02   -0.700091898153046710E+01    1
    0.446038282603747192E+02    0.148979643977031589E+00    0.352280860526019757E+00    0.664959217950474968E+00    0.801284351511220621E+02   -0.813824793165054814E+02   -0.710091898153046674E+01    1
    0.149492736945183573E+02    0.173364799631420069E+00    0.384849213739793194E+00    0.742955111056855966E+00    0.123095263646285431E+03   -0.790982781038519391E+02   -0.720091898153046728E+01    1
    0.403078551200795943E+01    0.469192678027539722E+00    0.225742087510895584E+00    0.270353667552409194E+01    0.184998720525968508E+03   -0.789262782051719398E+02   -0.730091898153046781E+01    1
    0.178799726758591895E+02    0.136724789698905641E+00    0.336253624056293721E+00    0.111635651406442737E+01    0.121265019327207753E+03   -0.772358005047629206E+02   -0.740091898153046834E+01    1
    0.112482607866170525E+02    0.224434747796321166E+00    0.407640472789591868E+00    0.525953054710280199E+00    0.134953449738863583E+03   -0.756685387454294869E+02   -0.750091898153046799E+01    1
    0.688570360742386889E+01    0.256976137443427455E+00    0.265464766623648041E+00    0.198069914969666039E+01    0.230817663585377687E+03   -0.728696777268705915E+02   -0.760091898153046852E+01    1
    0.270058621429406820E+01    0.377370090053158469E+00    0.340247259614817166E+00    0.129066742416448643E+01    0.155451897424236023E+03   -0.721268098819513312E+02   -0.770091898153046639E+01    1
    0.115855549562165674E+02    0.209243678427129542E+00    0.305048212859174828E+00    0.139286841651565707E+01    0.151873324370896512E+03   -0.706825626318009057E+02   -0.780091898153046781E+01    1
    0.688596293279758243E+01    0.598173838045964801E+00    0.341489272373219022E+00    0.772976743928782462E+00    0.212050690965826192E+03   -0.685378494546486223E+02   -0.790091898153046834E+01    1
    0.252135599896608404E+02    0.124749662488121332E+00    0.450783598924929030E+00   -0.208924192985383256E+00    0.974789444193137484E+02   -0.684768329584524196E+02   -0.800091898153046799E+01    1
    0.264841320074852611E+02    0.149316921880752962E+00    0.469655783398322035E+00   -0.489549034436882746E+00    0.115938345793680583E+03   -0.680143770051560921E+02   -0.810091898153046763E+01    1
    0.337825358679127206E+02    0.328403821987192979E+00    0.387065780061548237E+00    0.250599549743030191E-01    0.107060798389567395E+03   -0.679474048317727437E+02   -0.820091898153046728E+01    1
    0.265734124081288350E+02    0.126005170188018600E+00    0.455893787190384037E+00   -0.334934745697540948E+00    0.115524764192492995E+03   -0.664484492023272253E+02   -0.830091898153046870E+01    1
    0.269465533571124034E+02    0.214510344690571092E+00    0.373957624084402473E+00    0.368164770967323252E+00    0.100332190685289063E+03   -0.660318136906581543E+02   -0.840091898153046834E+01    1
    0.123605431447600509E+02    0.126237373856680796E+00    0.325658950332230357E+00    0.113026283482898537E+01    0.102602498130669403E+03   -0.649629179607683227E+02   -0.850091898153046799E+01    1
    0.165659268060280134E+02    0.113133923738506947E+00    0.414587659561300892E+00    0.216118694774839054E+00    0.959094007302663130E+02   -0.631692668915616622E+02   -0.860091898153046763E+01    1
    0.117006376981461813E+02    0.506017138322435334E+00    0.393249533647140548E+00   -0.691985722935930525E-01    0.213902096433716110E+03   -0.625446871061709970E+02   -0.870091898153046728E+01    1
    0.233516736148825572E+02    0.112056356346153047E+00    0.503445436759956677E+00   -0.878969604736177690E+00    0.512807275632881385E+02   -0.612166984880226082E+02   -0.880091898153046870E+01    1
    0.152847935645258239E+02    0.134449394811767514E+00    0.389950383882274099E+00    0.139037975473468828E+00    0.121439602943425015E+03   -0.604611327533643106E+02   -0.890091898153046834E+01    1
    0.105173187883328900E+02    0.222388820667686754E+00    0.399303538575249028E+00    0.410940068687045024E+00    0.130869256912375306E+03   -0.592285573382429575E+02   -0.900091898153046799E+01    1
    0.465527549825493026E+01    0.209139686715201112E+00    0.316211939302849687E+00    0.110414343295324002E+01    0.238903482982218492E+03   -0.586102777720609041E+02   -0.910091898153046941E+01    1
    0.440119095325596810E+01    0.151518505657649460E+00    0.361405447709969296E+00    0.103273456974272015E+01    0.123780498701056615E+03   -0.585231059083381524E+02   -0.920091898153046905E+01    1
    0.160696169630628773E+02    0.133826052633649023E+00    0.454617933307383926E+00   -0.345458355683674223E+00    0.123287311555190414E+03   -0.584244338215540182E+02   -0.930091898153046870E+01    1
    0.208934294964730363E+02    0.134396439399990686E+00    0.440711711848012389E+00   -0.349872210528445304E+00    0.146127608832791736E+03   -0.580647098663846961E+02   -0.940091898153046834E+01    1
    0.247765597120157395E+02    0.192608398429393951E+00    0.410140430251949295E+00   -0.255472247196629532E+00    0.188188020685219811E+03   -0.576207802113312795E+02   -0.950091898153046799E+01    1
    0.541279928537687738E+01    0.280213114252139850E+00    0.431066104994027588E+00    0.752344183886970441E-01    0.162230537979415715E+03   -0.563128593373603650E+02   -0.960091898153046941E+01    1
    0.591163433099498459E+01    0.117724815502994018E+00    0.345128336137011549E+00    0.102432936782802053E+01    0.717672487562692254E+02   -0.561574313376644341E+02   -0.970091898153046905E+01    1
    0.317469748302922490E+02    0.156433883245952948E+00    0.414634353522031429E+00   -0.225735040896367672E+00    0.150225042094970519E+03   -0.561007053671143368E+02   -0.980091898153046870E+01    1
    0.199189865386900919E+02    0.274169718501863502E+00    0.402480216282082970E+00    0.196202762271332175E-01    0.975674144852250862E+02   -0.554864783683870399E+02   -0.990091898153046834E+01    1
    0.188362840723182181E+02    0.135389900961214560E+00    0.391648161508963089E+00    0.216323707108298069E+00    0.148639811190045776E+03   -0.552209192935562569E+02   -0.100009189815304698E+02    1
    0.942918814134264238E+01    0.175842875183981201E+00    0.346585512867995216E+00    0.828657655720624886E+00    0.745993921895758376E+02   -0.551439853703967771E+02   -0.101009189815304694E+02    1
    0.272897137404085548E+02    0.175139183451440861E+00    0.412868671287673406E+00   -0.222056238461171784E+00    0.169914976439579704E+03   -0.550968655168970116E+02   -0.102009189815304691E+02    1
    0.496419124803880507E+01    0.286159327830034504E+00    0.316418515205638240E+00    0.118447345399921922E+01    0.629845696438999596E+02   -0.547408951282149374E+02   -0.103009189815304687E+02    1
    0.723865479026577407E+01    0.117244503464488448E+00    0.311962655451661686E+00    0.125793498532707337E+01    0.159302004166624897E+03   -0.546661098913816232E+02   -0.104009189815304683E+02    1
    0.113954679468311380E+02    0.188030179551229998E+00    0.424565793308600892E+00    0.877790137410775981E-02    0.128760218725856532E+03   -0.542320519446900917E+02   -0.105009189815304680E+02    1
    0.696759996503473555E+01    0.208619318821894717E+00    0.436941309922800003E+00    0.813685211961833466E-01    0.135698545145297089E+03   -0.536689872535487638E+02   -0.106009189815304694E+02    1
    0.991396263850266379E+01    0.161830040841110856E+00    0.372166176623754785E+00    0.542555573468715413E+00    0.102229332554215247E+03   -0.533093175184777550E+02   -0.107009189815304691E+02    1
    0.963488778084974840E+01    0.178779495474739120E+00    0.335774537879376944E+00    0.886062953868495429E+00    0.170305018867283934E+03   -0.530607827094223552E+02   -0.108009189815304687E+02    1
    0.511861285198460614E+01    0.534974156063302342E+00    0.455475053683708053E+00   -0.110056205917604677E+00    0.345473252920436948E+02   -0.519447990379795712E+02   -0.109009189815304701E+02    1
    0.722898247200240007E+01    0.425445024122234394E+00    0.421952228547767483E+00    0.716078407589140487E-01    0.993276838530422452E+02   -0.517967874022434600E+02   -0.110009189815304698E+02    1
    0.692702463001248425E+01    0.300566275766479152E+00    0.336507478384438063E+00    0.866671740107265443E+00    0.114850064368154221E+03   -0.508745607389160881E+02   -0.111009189815304694E+02    1
    0.663878601575300564E+01    0.482381048496343445E+00    0.348610212633730654E+00    0.709516366678906829E+00    0.181209040483873707E+03   -0.507326279647670617E+02   -0.112009189815304691E+02    1
    0.503139455755486509E+01    0.189317957347936994E+00    0.350442324178111553E+00    0.937506481971951966E+00    0.237345843512384306E+03   -0.498765658060306549E+02   -0.113009189815304705E+02    1
    0.541522676586203033E+01    0.213775409578743525E+00    0.355576902853951271E+00    0.817739608952387176E+00    0.155716556629404380E+03   -0.495784175461289607E+02   -0.114009189815304701E+02    1
    0.856674540362880954E+01    0.357980040904294139E+00    0.364161465063470635E+00    0.514689118549964575E+00    0.248012397660273223E+03   -0.495726142195285675E+02   -0.115009189815304698E+02    1
    0.628498502145945892E+01    0.154822909251078888E+00    0.328188638972118973E+00    0.105889328734983668E+01    0.206211468606173668E+03   -0.494034455152477818E+02   -0.116009189815304694E+02    1
    0.799726777557395874E+01    0.257792715891724145E+00    0.370401014270911377E+00    0.463168182301655296E+00    0.144069273721375396E+03   -0.492585897692067292E+02   -0.117009189815304691E+02    1
    0.880050522766422105E+01    0.471261558364036881E+00    0.368713400412404690E+00    0.322471841712275498E+00    0.175845258170465428E+03   -0.492218688979786947E+02   -0.118009189815304705E+02    1
    0.906372156497784331E+01    0.386862118217083994E+00    0.387287082249082482E+00    0.182733137565637027E+00    0.217557110015835349E+03   -0.491781986812997758E+02   -0.119009189815304701E+02    1
    0.335126443177211009E+01    0.446723437691471159E+00    0.378667928241326446E+00    0.505511022319834025E+00    0.133844513753655349E+03   -0.488167644769681814E+02   -0.120009189815304698E+02    1
    0.812023524518721018E+01    0.231203583127806256E+00    0.350377474149461465E+00    0.741067259976358472E+00    0.163871509068311440E+03   -0.487729520104585319E+02   -0.121009189815304694E+02    1
    0.549286809553931121E+01    0.414646279574751087E+00    0.411463070080245019E+00    0.249024220092848608E+00    0.758510532391801178E+02   -0.487673596727849201E+02   -0.122009189815304691E+02    1
    0.406340038363099332E+01    0.332668911835830305E+00    0.344475689629933968E+00    0.957331355986827948E+00    0.163541125663416295E+03   -0.486917358153624136E+02   -0.123009189815304705E+02    1
    0.706873708095184661E+01    0.253621487849312932E+00    0.359823574885529240E+00    0.659787451684466064E+00    0.120008761924645839E+03   -0.485624165498804601E+02   -0.124009189815304701E+02    1
    0.397005474011523773E+01    0.287962155760678129E+00    0.331324280378174463E+00    0.102499655267950684E+01    0.187068736522780512E+03   -0.484320076079255060E+02   -0.125009189815304698E+02    1
    0.764271759120949401E+01    0.259269602347495576E+00    0.358710631359212773E+00    0.692284757096520820E+00    0.191917549795485570E+03   -0.481083694976916973E+02   -0.126009189815304712E+02    1
    0.513894700424446427E+01    0.208520338418749812E+00    0.325730191577179751E+00    0.113438385548346687E+01    0.251033390559549986E+03   -0.480911156577875119E+02   -0.127009189815304708E+02    1
    0.576643069661348662E+01    0.311088069554005087E+00    0.334849700565402031E+00    0.975099481375504284E+00    0.231910368826600063E+03   -0.479077857120036228E+02   -0.128009189815304705E+02    1
    0.626031777199606232E+01    0.238289890339312999E+00    0.353153521038734208E+00    0.787240072524071577E+00    0.233803360669013841E+03   -0.471772054266740852E+02   -0.129009189815304701E+02    1
    0.651328449185634728E+01    0.313388954559647825E+00    0.381329702279426863E+00    0.410393606506773145E+00    0.137474304883862970E+03   -0.469438202437565977E+02   -0.130009189815304698E+02    1
    0.623829619961637949E+01    0.382458318536128161E+00    0.406830990032793494E+00    0.200850251021413989E+00    0.107111247985213751E+03   -0.467221730896904717E+02   -0.131009189815304712E+02    1
    0.595325111642162774E+01    0.397047816561909794E+00    0.344641186649486342E+00    0.718555294769135378E+00    0.181772847130274982E+03   -0.464706529603452907E+02   -0.132009189815304708E+02    1
    0.555881005287556107E+01    0.330422936731979588E+00    0.379047944063536368E+00    0.497356422858414193E+00    0.151051816306935081E+03   -0.463768099882210407E+02   -0.133009189815304705E+02    1
    0.511051334036439187E+01    0.362722425617975908E+00    0.377565022720372401E+00    0.487946928802006741E+00    0.106849872088826316E+03   -0.462339929127851974E+02   -0.134009189815304701E+02    1
    0.732053291078591162E+01    0.299023375460164886E+00    0.364556833278087300E+00    0.549299995146184994E+00    0.169642591354684527E+03   -0.461371226480354295E+02   -0.135009189815304715E+02    1
    0.579866402992941232E+01    0.283586305067188404E+00    0.352604146708504151E+00    0.770454154126687607E+00    0.187548858056674192E+03   -0.461229170493671816E+02   -0.136009189815304712E+02    1
    0.386888229770530279E+01    0.393632574515214773E+00    0.339539819858631076E+00    0.909886138337384742E+00    0.270840914890366491E+03   -0.459697960652266033E+02   -0.137009189815304708E+02    1
    0.456411764424154764E+01    0.398650303365860770E+00    0.355206053976711345E+00    0.739609414454930558E+00    0.239883053520713105E+03   -0.457374048305362493E+02   -0.138009189815304723E+02    1
    0.438935813995423540E+01    0.439235140733566565E+00    0.395625212769282641E+00    0.294875620650000225E+00    0.111112699301266375E+03   -0.455462914737298519E+02   -0.139009189815304701E+02    1
    0.417550284010051520E+01    0.442229552736509324E+00    0.384992011343624652E+00    0.409065391613178952E+00    0.151043973906362964E+03   -0.452867601098205128E+02   -0.140009189815304715E+02    1
    0.707326278594405444E+01    0.664943402736321465E+00    0.384739527283520677E+00    0.121577482537976705E+00    0.410902569917820557E+02   -0.452299192286608829E+02   -0.141009189815304712E+02    1
    0.583987644745588064E+01    0.362305969837088682E+00    0.351614652209446266E+00    0.664407633420866950E+00    0.182840646019252944E+03   -0.449117736162675385E+02   -0.142009189815304708E+02    1
    0.403821276392019968E+01    0.429251868874469256E+00    0.348062627959935977E+00    0.807402204578473670E+00    0.215482259884073812E+03   -0.447509023470510954E+02   -0.143009189815304723E+02    1
    0.772611453374569201E+01    0.424209114305057367E+00    0.392616372374927802E+00    0.182460744259277136E+00    0.770112384583419498E+02   -0.447463767824684453E+02   -0.144009189815304719E+02    1
    0.552621310971115243E+01    0.583657058458686540E+00    0.385613503272072999E+00    0.247906534526335126E+00    0.349374730839921313E+02   -0.436826819386382752E+02   -0.145009189815304715E+02    1
    0.559980066642605312E+01    0.517169273148549991E+00    0.360711285670829218E+00    0.469531876922988811E+00    0.142870512779561494E+03   -0.434724325528144604E+02   -0.146009189815304712E+02    1
    0.512917211485858182E+01    0.467045005496817156E+00    0.395625287847746310E+00    0.232853817041247191E+00    0.998740691515917405E+02   -0.429460450860620142E+02   -0.147009189815304708E+02    1
    0.686125516013503134E+01    0.463890728533459806E+00    0.387614396645597492E+00    0.239185886451875579E+00    0.983610550141468423E+02   -0.427916262976651751E+02   -0.148009189815304723E+02    1
    0.637401287516869797E+01    0.486343488022943360E+00    0.408845725436370433E+00    0.367911509366790901E-01    0.822357540813897856E+02   -0.427361323723227784E+02   -0.149009189815304719E+02    1
    0.439109374573281119E+01    0.483958315270241968E+00    0.361857547931185075E+00    0.582679174525033039E+00    0.104839771162163586E+03   -0.424974719847901667E+02   -0.150009189815304715E+02    1
    0.530461233745490190E+01    0.491882894475668686E+00    0.381287755957813335E+00    0.350422395675712484E+00    0.863643383117575070E+02   -0.419628635576819278E+02   -0.151009189815304730E+02    1
    0.629457867804241999E+01    0.625250865833099856E+00    0.404229506737721955E+00    0.749842056256760144E-02    0.402205284424637313E+02   -0.419103294784825664E+02   -0.152009189815304726E+02    1
    0.452280409935186789E+01    0.668472110570915268E+00    0.419907792938351510E+00   -0.603451708143293644E-01    0.287301222447432423E+02   -0.418205669205051578E+02   -0.153009189815304723E+02    1
    0.384878460006981582E+01    0.671920005804945153E+00    0.404854165332193427E+00    0.136805611131005589E+00    0.598926307620759815E+02   -0.415794241454390843E+02   -0.154009189815304719E+02    1
    0.514487127469700045E+01    0.569241638235132630E+00    0.405469523966783207E+00    0.677204267670375587E-01    0.975490960155292441E+02   -0.414179045523582019E+02   -0.155009189815304715E+02    1
    0.567612663173358989E+01    0.515458994885812372E+00    0.371571758020736220E+00    0.353385372939249154E+00    0.126104754224474831E+03   -0.414158313556141380E+02   -0.156009189815304730E+02    1
    0.358381808789390632E+01    0.604743739556537263E+00    0.359742226538335708E+00    0.570896278569005489E+00    0.118495108841631335E+03   -0.414068275640553480E+02   -0.157009189815304726E+02    1
    0.343319965638731350E+01    0.841322227381011922E+00    0.401070141822851944E+00    0.643904771610327858E-01    0.529340316477376476E+02   -0.411544816877454593E+02   -0.158009189815304723E+02    1
    0.603708655937984240E+01    0.597686349312643639E+00    0.401887369474500711E+00    0.612980929301897015E-01    0.685627695284144636E+02   -0.410691787415019647E+02   -0.159009189815304737E+02    1
    0.488030688077878416E+01    0.568245848977430246E+00    0.368939318271492234E+00    0.404743495729064429E+00    0.827950337605005586E+02   -0.409378102928652368E+02   -0.160009189815304715E+02    1
    0.585474815688599293E+01    0.616740913745465136E+00    0.403925369179345795E+00    0.260858764090219838E-01    0.747858498637588980E+02   -0.405657378433077369E+02   -0.161009189815304730E+02    1
    0.459013155998479672E+01    0.699474231298406024E+00    0.396910748735117336E+00    0.131462404358292262E+00    0.452731174408378081E+02   -0.404123358495856166E+02   -0.162009189815304708E+02    1
    0.533520674733060574E+01    0.601799726199567120E+00    0.396665093887271114E+00    0.137910132574273925E+00    0.661702720531903736E+02   -0.403176751706292222E+02   -0.163009189815304723E+02    1
    0.281715086372838019E+01    0.902941042789082271E+00    0.388197308424693244E+00    0.945915182659619463E-01    0.692443226203372291E+02   -0.402219673992008993E+02   -0.164009189815304737E+02    1
    0.391350097322787160E+01    0.641698404985325710E+00    0.393910133978193078E+00    0.208961871650431508E+00    0.547850396089676295E+02   -0.399559289333452128E+02   -0.165009189815304715E+02    1
    0.434187344380792695E+01    0.612812349621915220E+00    0.377195078397238814E+00    0.343556496182711335E+00    0.726542276348599501E+02   -0.395759222345233539E+02   -0.166009189815304730E+02    1
    0.479486643308948945E+01    0.641360715944352955E+00    0.381201706902091986E+00    0.271393260641485889E+00    0.677999145720544618E+02   -0.395533438054510569E+02   -0.167009189815304744E+02    1
    0.356829741443251214E+01    0.667087820738752724E+00    0.401884059684852968E+00    0.112750162329540271E+00    0.613295830907432418E+02   -0.394085756354851569E+02   -0.168009189815304723E+02    1
    0.343427086005026050E+01    0.763780572364091470E+00    0.422305672303358470E+00   -0.116126329486314545E+00    0.281805637166764491E+02   -0.393996383488303437E+02   -0.169009189815304737E+02    1
    0.445266811865705314E+01    0.592363479590249264E+00    0.388499313281391478E+00    0.229901980539802708E+00    0.771497242330351582E+02   -0.391695116040199949E+02   -0.170009189815304751E+02    1
    0.353513266175770546E+01    0.683727989446853202E+00    0.393446636539172667E+00    0.187734011665978084E+00    0.678340786224191277E+02   -0.387314518166697681E+02   -0.171009189815304730E+02    1
    0.606086408078722538E+01    0.617524715649796496E+00    0.404462097961523048E+00   -0.444490459466101717E-01    0.582496668495732663E+02   -0.387081631390949283E+02   -0.172009189815304744E+02    1
    0.359314138148906626E+01    0.694715996604665431E+00    0.387344178239017456E+00    0.233596314555950840E+00    0.827865730291639323E+02   -0.386061685349142465E+02   -0.173009189815304723E+02    1
    0.562019430212336246E+01    0.629619392678820722E+00    0.403200526109712021E+00   -0.210377986341657268E-01    0.502705977359511849E+02   -0.385720608086668477E+02   -0.174009189815304737E+02    1
    0.368814573058468298E+01    0.668898660381174182E+00    0.376951089575460918E+00    0.322156647266610752E+00    0.815771876734445698E+02   -0.384065420841672562E+02   -0.175009189815304751E+02    1
    0.380732647570803584E+01    0.784575723106110789E+00    0.394074689221824648E+00    0.323370936606435164E-01    0.224275403232484223E+02   -0.382196686236544068E+02   -0.176009189815304730E+02    1
    0.514214966762156855E+01    0.785541979750284503E+00    0.416055480001875200E+00   -0.182376489560470256E+00    0.393145631931664070E+02   -0.381189378479092227E+02   -0.177009189815304744E+02    1
    0.319544623401165406E+01    0.872059420528968232E+00    0.383076656289024819E+00    0.164794771655272732E+00    0.499764721722727074E+02   -0.376866207281629926E+02   -0.178009189815304723E+02    1
    0.477149344396225938E+01    0.766192990389356843E+00    0.399163446371714747E+00   -0.460071607176593678E-01    0.296839513352827140E+02   -0.372837119388281053E+02   -0.179009189815304737E+02    1
    0.550996059725704157E+01    0.777700361033334064E+00    0.425655967805814162E+00   -0.313667627846653752E+00    0.285776929219766984E+02   -0.372698963202200346E+02   -0.180009189815304751E+02    1
    0.426644273596294799E+01    0.717613331667754095E+00    0.384443305226622623E+00    0.166276565267079873E+00    0.744474468308403061E+02   -0.371810732880766537E+02   -0.181009189815304730E+02    1
    0.448932917391434216E+01    0.848959140261232426E+00    0.404379146562214797E+00   -0.979530197484319576E-01    0.433887810763388728E+02   -0.371086240885403811E+02   -0.182009189815304744E+02    1
    0.496787082671571412E+01    0.668281350271951791E+00    0.402846660962839664E+00   -0.185051991480777236E-01    0.612876770457387963E+02   -0.370138891446747209E+02   -0.183009189815304758E+02    1
    0.414990560045507628E+01    0.741237074964820719E+00    0.385076187747798615E+00    0.154000844709915485E+00    0.656847531778428362E+02   -0.369361972227001019E+02   -0.184009189815304737E+02    1
    0.395857594375155974E+01    0.873707906303945459E+00    0.400975335887540696E+00   -0.815355756978612539E-01    0.189829185171026182E+02   -0.368704727847297136E+02   -0.185009189815304751E+02    1
    0.480024852887623155E+01    0.832885347415249111E+00    0.399210092993509902E+00   -0.848844875137251403E-01    0.343232481982385451E+02   -0.368445957492874427E+02   -0.186009189815304730E+02    1
    0.542764650703442175E+01    0.704425839143077881E+00    0.401475319009551135E+00   -0.712147136625233684E-01    0.587880588756751692E+02   -0.367056001505651537E+02   -0.187009189815304744E+02    1
    0.510130101214993026E+01    0.712255842261234839E+00    0.401746261171723795E+00   -0.497815368499612901E-01    0.449311574610380546E+02   -0.367045484777591255E+02   -0.188009189815304723E+02    1
    0.540935876657428416E+01    0.741260081667374116E+00    0.403534292285815721E+00   -0.971520383228498402E-01    0.471614941828855052E+02   -0.367003391277373794E+02   -0.189009189815304737E+02    1
    0.492640993786239534E+01    0.763271013838450751E+00    0.409494864601720798E+00   -0.119926632538780970E+00    0.476067123341266694E+02   -0.366891333499273031E+02   -0.190009189815304751E+02    1
    0.430049651511332964E+01    0.807084777539173071E+00    0.391094509187650596E+00    0.382297307645502876E-01    0.507744857463541521E+02   -0.365801550856644226E+02   -0.191009189815304730E+02    1
    0.470632474769847420E+01    0.788173088437128522E+00    0.415495182672027619E+00   -0.176702811471714905E+00    0.312546166369329370E+02   -0.365214188808087101E+02   -0.192009189815304744E+02    1
    0.429817244627067740E+01    0.791068986126672757E+00    0.399966738392797450E+00   -0.364144325452622278E-01    0.292154944592467416E+02   -0.364935827779504365E+02   -0.193009189815304758E+02    1
    0.465506098899347176E+01    0.798176290559580059E+00    0.409047293809732038E+00   -0.126175550341672160E+00    0.293376349260290930E+02   -0.364929438965440838E+02   -0.194009189815304737E+02    1
    0.410462832220673679E+01    0.795490264992799401E+00    0.403397160102455465E+00   -0.513903973102297906E-01    0.293871550587313415E+02   -0.361780305634825581E+02   -0.195009189815304751E+02    1
    0.351508214034649979E+01    0.845995489917736654E+00    0.403648823535549428E+00   -0.353452738941973377E-01    0.271761653018589051E+02   -0.361442960369208066E+02   -0.196009189815304765E+02    1
