    0.958837343264922559E+01    0.323626729993767182E+00    0.391943620138642035E+00    0.326919864035682739E+00    0.933146384258819239E+02   -0.380390135294180496E+02
    0.802258257110114137E+01    0.513855513271055386E+00    0.373358715439064848E+00    0.419302478868914197E+00    0.887684577629985228E+02   -0.345606823950474222E+02
    0.707877052805747287E+01    0.601778169521217099E+00    0.414875072100790776E+00   -0.431321271520456739E-01    0.894996438925731610E+02   -0.332723954591751223E+02
    0.676489933503147967E+01    0.761977028160937930E+00    0.418946225432583419E+00   -0.151275392074252307E+00    0.291552536569976617E+02   -0.330874816155539122E+02
    0.645798890693098837E+01    0.754630077204089034E+00    0.390784831080327077E+00    0.159645135245240155E+00    0.773584506938237837E+02   -0.326834115973394859E+02
    0.801566288462759502E+01    0.418599037314107747E+00    0.383077611603065360E+00    0.244654264397684784E+00    0.157724579775659947E+03   -0.325666271675498464E+02
    0.735018593606076109E+01    0.738161500561496986E+00    0.387841527321938051E+00    0.175423886868575019E+00    0.703877997405022597E+02   -0.325587134055746645E+02
    0.823975329102762366E+01    0.423278151063593344E+00    0.379121320674692952E+00    0.371474685155286699E+00    0.145654350408181415E+03   -0.325561763197553802E+02
    0.953204041166162952E+01    0.377743321220468553E+00    0.390874517917087605E+00    0.191057357081186902E+00    0.156252488102191990E+03   -0.324398932575445613E+02
    0.761997580222256321E+01    0.421799961806969270E+00    0.375247027311774395E+00    0.402799453779758676E+00    0.193964899890046240E+03   -0.317403990959395905E+02
    0.924301976960421356E+01    0.503695244226583294E+00    0.399217449108515587E+00    0.489569420294438881E-01    0.886597161531554718E+02   -0.317194703463035168E+02
    0.619864912331990858E+01    0.631263386026098106E+00    0.388660551021648093E+00    0.170930806869593888E+00    0.107626964211177722E+03   -0.313282932951068176E+02
    0.744154203971085693E+01    0.690155880337687266E+00    0.424862236937197768E+00   -0.258608589265956645E+00    0.539716720469546658E+02   -0.313155881588883354E+02
    0.662405999491374065E+01    0.635855743566058673E+00    0.398629481019614595E+00    0.525961169426609407E-01    0.773197741125124907E+02   -0.312929854375648340E+02
    0.780432984382564587E+01    0.655981128718016282E+00    0.409069343234766347E+00   -0.191936707031124226E+00    0.103758340046056915E+03   -0.311252986193047825E+02
    0.642250813941783516E+01    0.826712618855657277E+00    0.426962244880816688E+00   -0.288682274091198288E+00    0.408001832861878739E+02   -0.309563561145870381E+02
    0.642250813941783516E+01    0.826712618855657277E+00    0.426962244880816688E+00   -0.288682274091198288E+00    0.408001832861878739E+02   -0.309563561145870381E+02
    0.750552781020255644E+01    0.585517014186448415E+00    0.379571988670059091E+00    0.281453745782761389E+00    0.162399861256322595E+03   -0.309470512425532753E+02
    0.859858679644928259E+01    0.496312142660789879E+00    0.381534565215434773E+00    0.212729642509489475E+00    0.130722726421018876E+03   -0.306603255076426748E+02
    0.632182727354653018E+01    0.807423113789795810E+00    0.395095910883850598E+00    0.453307653466292065E-01    0.639532743586909618E+02   -0.305828739025870888E+02
    0.632182727354653018E+01    0.807423113789795810E+00    0.395095910883850598E+00    0.453307653466292065E-01    0.639532743586909618E+02   -0.305828739025870888E+02
    0.869820216162289661E+01    0.631097466080409397E+00    0.409905426268863393E+00   -0.871804795099959812E-01    0.942911290858922655E+02   -0.305789497982774670E+02
    0.917258111064786519E+01    0.419348418588673555E+00    0.384082313074671000E+00    0.241963165153262327E+00    0.205225310428613909E+03   -0.305263185830416859E+02
    0.851997680423374248E+01    0.535328626700927623E+00    0.378512945237418963E+00    0.263154631774748293E+00    0.133724840441364393E+03   -0.304540725183257663E+02
    0.851997680423374248E+01    0.535328626700927623E+00    0.378512945237418963E+00    0.263154631774748293E+00    0.133724840441364393E+03   -0.304540725183257663E+02
    0.768282002201825698E+01    0.722875373887976846E+00    0.404763634612575085E+00   -0.564523442567748598E-01    0.466423703686729425E+02   -0.304004852030475661E+02
    0.608942947635286114E+01    0.821363922986335981E+00    0.423776963600477730E+00   -0.318732359480236815E+00    0.465976615512834655E+02   -0.303951738924837045E+02
    0.549452544387297603E+01    0.107938524477267195E+01    0.447513437882488596E+00   -0.612681984334978225E+00    0.104794951297120207E+02   -0.303938549930120381E+02
    0.820973124973771462E+01    0.579513356976330551E+00    0.402940286765794686E+00   -0.487082351495340682E-01    0.100698785257885319E+03   -0.303673683346479493E+02
    0.710230947018029202E+01    0.725802178871735260E+00    0.407280605434604981E+00   -0.743277398647236714E-01    0.489680685840315277E+02   -0.302423472737740511E+02
    0.751576619202644469E+01    0.633652117397535686E+00    0.387836964924144989E+00    0.817299929498184613E-01    0.932271692548817583E+02   -0.302301697640299381E+02
    0.873768687569238267E+01    0.519512958192042462E+00    0.383231059331632040E+00    0.175079499377793213E+00    0.140037271790747866E+03   -0.301488020566207879E+02
    0.704817381049171843E+01    0.879513692611990194E+00    0.432749198580310024E+00   -0.432861977430715972E+00    0.379469238797703383E+02   -0.298228563281525858E+02
    0.757021094709202824E+01    0.836799366942446277E+00    0.433318897313176354E+00   -0.417995730200925730E+00    0.294803801493847999E+02   -0.297240352570477988E+02
    0.676950076413560176E+01    0.732767052832771437E+00    0.402804813618127033E+00   -0.974112015670208081E-01    0.583292822951519270E+02   -0.296426268998416766E+02
    0.692844624748566318E+01    0.758557535658148097E+00    0.417326667185438149E+00   -0.271043000308742399E+00    0.579337537911551195E+02   -0.295844434435610246E+02
    0.758628014611186519E+01    0.680310392806761866E+00    0.393077632981608582E+00    0.254541470214283486E-01    0.721848073547876652E+02   -0.295664178640172324E+02
    0.848491199846857924E+01    0.668005520316361623E+00    0.402543875908146886E+00   -0.818546764305838614E-01    0.645574080771359320E+02   -0.294329504168103107E+02
    0.840223064420697696E+01    0.645796369703196427E+00    0.397906814091421202E+00   -0.496100267191463135E-01    0.896393190617560123E+02   -0.292872921004195597E+02
    0.826536317375994045E+01    0.731436439043053332E+00    0.403112519896351162E+00   -0.113865520914516710E+00    0.552183305917836122E+02   -0.291184897025772464E+02
    0.780372478435078953E+01    0.797174746735889173E+00    0.404733536463807164E+00   -0.197130928074682465E+00    0.512432213533568799E+02   -0.290346235815835101E+02
    0.629102499515930447E+01    0.104417347150135398E+01    0.440034639762298507E+00   -0.557374123751301687E+00    0.133905800787647742E+02   -0.290244777943245111E+02
    0.665036982622427519E+01    0.956296214408160039E+00    0.426711891879838767E+00   -0.410249766418563810E+00    0.224736889407166629E+02   -0.281888942496607307E+02
    0.665036982622427519E+01    0.956296214408160039E+00    0.426711891879838767E+00   -0.410249766418563810E+00    0.224736889407166629E+02   -0.281888942496607307E+02
    0.753914670896298755E+01    0.952284729182684919E+00    0.430088944820599284E+00   -0.479317048709725468E+00    0.228668467058336446E+02   -0.281273683315802003E+02
    0.753914670896298755E+01    0.952284729182684919E+00    0.430088944820599284E+00   -0.479317048709725468E+00    0.228668467058336446E+02   -0.281273683315802003E+02
    0.840970442783115324E+01    0.762590210635428534E+00    0.417852522896775547E+00   -0.301122206011827542E+00    0.623597613840644271E+02   -0.286602926297661078E+02
    0.768715456982600998E+01    0.869749636097877254E+00    0.417429001112652520E+00   -0.301942579598663330E+00    0.328181309924348739E+02   -0.284956139382359730E+02
    0.768715456982600998E+01    0.869749636097877254E+00    0.417429001112652520E+00   -0.301942579598663330E+00    0.328181309924348739E+02   -0.284956139382359730E+02
    0.782076330226151484E+01    0.764298788779552263E+00    0.418624372597905858E+00   -0.283727253908259480E+00    0.603075341262135396E+02   -0.287027324268115720E+02
    0.873980409947436065E+01    0.771006183537090939E+00    0.415927825683791941E+00   -0.310097098520933590E+00    0.593176558862836245E+02   -0.285671184877098270E+02
    0.796795298734210800E+01    0.806328737851323085E+00    0.418404155615861528E+00   -0.293146191693283764E+00    0.394381412626060239E+02   -0.285491203866086671E+02
    0.802183709243613485E+01    0.898867618161068638E+00    0.420043128452214698E+00   -0.349786902821573098E+00    0.291993881260433845E+02   -0.288242648192121038E+02
    0.795979413854747797E+01    0.752170904549234631E+00    0.406461370517388232E+00   -0.187810926096799724E+00    0.735090470391541828E+02   -0.286011861204409286E+02
    0.839622212779623567E+01    0.684065081423794408E+00    0.402785490684183234E+00   -0.109459184668980178E+00    0.769243625122070114E+02   -0.288594577314745138E+02
