    0.870746743594297001E+01    0.170744897241022958E+00    0.332287709876137094E+00    0.114097527868104276E+01    0.532174480083956723E+03   -0.564515847485582896E+02
    0.490047561441517843E+01    0.505711989411457674E+00    0.337813565784873260E+00    0.834135894466690786E+00    0.109745365059190462E+03   -0.551210632606150739E+02
    0.648708809922767404E+01    0.293701337158701947E+00    0.355471729938869108E+00    0.900285416058544286E+00    0.232527406190354270E+03   -0.547676882982707340E+02
    0.621904663941190705E+01    0.420646931278518044E+00    0.365734545625680196E+00    0.572308943351514721E+00    0.248715882833900196E+03   -0.546570255789398232E+02
    0.894681188076424405E+01    0.488289127981310689E+00    0.370164302929191946E+00    0.448952422860706191E+00    0.238937024124503694E+03   -0.544569995886653260E+02
    0.485263199052104710E+01    0.448417612351934003E+00    0.351362990176956991E+00    0.821967462950243366E+00    0.121260801460425029E+03   -0.532774948034173192E+02
    0.524194750734578019E+01    0.752170658707167705E+00    0.351760099610829602E+00    0.626393636161788558E+00    0.693036780288086618E+02   -0.532301686817882356E+02
    0.845275204078837916E+01    0.478118758401516297E+00    0.366878977391579264E+00    0.455118289473314785E+00    0.257627277847917810E+03   -0.532266960412179273E+02
    0.918513894817904131E+01    0.687366567449023802E+00    0.384830035197243958E+00    0.134463318047773561E+00    0.529834723805952805E+02   -0.530442628876237663E+02
    0.775351478643665359E+01    0.569029606624092299E+00    0.377286751034115464E+00    0.405258823744412577E+00    0.655373557834042231E+02   -0.523657224887036463E+02
    0.441255885954556337E+01    0.565270552048616537E+00    0.330227542505300287E+00    0.986694928560974294E+00    0.246055213822929659E+03   -0.521593905320423872E+02
    0.663751330462909461E+01    0.483531965101949346E+00    0.367162444091315210E+00    0.618901809696428384E+00    0.902459331640229721E+02   -0.521105939027612379E+02
    0.521587495763531361E+01    0.702255443972282456E+00    0.367633515648346287E+00    0.410663342986379964E+00    0.229755523637220165E+02   -0.511609121714998523E+02
    0.521587495763531361E+01    0.702255443972282456E+00    0.367633515648346287E+00    0.410663342986379964E+00    0.229755523637220165E+02   -0.511609121714998523E+02
    0.760325984069841887E+01    0.399085160700140773E+00    0.353262042568660506E+00    0.691978327476097776E+00    0.200265683125941450E+03   -0.510941807764834763E+02
    0.562667932417173411E+01    0.751719491554225350E+00    0.382683832792060641E+00    0.269218492768285744E+00    0.244536579334622104E+02   -0.509906014567050363E+02
    0.612397364429202362E+01    0.744471462885693103E+00    0.365307856476286608E+00    0.414278009702129690E+00    0.103306763581834048E+03   -0.507801813155896227E+02
    0.612397364429202362E+01    0.744471462885693103E+00    0.365307856476286608E+00    0.414278009702129690E+00    0.103306763581834048E+03   -0.507801813155896227E+02
    0.636855372421442123E+01    0.397135828365793364E+00    0.336747562972848191E+00    0.931269269919398734E+00    0.358817020143266973E+03   -0.507198874026008895E+02
    0.712424447778555248E+01    0.454411707568274426E+00    0.350001827255972453E+00    0.728146815687438220E+00    0.286183550139244403E+03   -0.506549016589558505E+02
    0.575740198114948321E+01    0.758250000746897967E+00    0.362790365314555774E+00    0.403312883718713266E+00    0.103807873786985922E+03   -0.506245040150311780E+02
    0.508997935686032665E+01    0.717522470626811293E+00    0.350875611267156717E+00    0.611605800975906999E+00    0.994318582468200418E+02   -0.504288335088525699E+02
    0.618138134200542311E+01    0.623550446029367156E+00    0.352828313463744714E+00    0.625175581212926157E+00    0.171989707413483330E+03   -0.501361084530305163E+02
    0.551788619964906957E+01    0.436390258009924981E+00    0.346865624310165710E+00    0.840233228659080122E+00    0.260234545192352812E+03   -0.500148332655647536E+02
    0.551788619964906957E+01    0.436390258009924981E+00    0.346865624310165710E+00    0.840233228659080122E+00    0.260234545192352812E+03   -0.500148332655647536E+02
    0.820213195117591631E+01    0.486669823299570814E+00    0.367769969798318830E+00    0.453829341578168677E+00    0.155970527613335577E+03   -0.499500254491283258E+02
    0.820213195117591631E+01    0.486669823299570814E+00    0.367769969798318830E+00    0.453829341578168677E+00    0.155970527613335577E+03   -0.499500254491283258E+02
    0.469853995148492309E+01    0.583668366914540382E+00    0.350957408555814920E+00    0.754131711531227822E+00    0.107012003860187264E+03   -0.498872613278576438E+02
    0.469853995148492309E+01    0.583668366914540382E+00    0.350957408555814920E+00    0.754131711531227822E+00    0.107012003860187264E+03   -0.498872613278576438E+02
    0.585597700110286912E+01    0.417322440634471381E+00    0.341733723621941266E+00    0.880855736079453777E+00    0.251768250841678935E+03   -0.498369188706405239E+02
    0.684797565567054001E+01    0.489303959291696400E+00    0.374081390240883493E+00    0.456964189320812897E+00    0.117787198182411672E+03   -0.495849638811474804E+02
    0.734314657618155486E+01    0.509273890285439568E+00    0.369125154423097623E+00    0.475895691222238681E+00    0.192032049356981247E+03   -0.495404297884892770E+02
    0.734314657618155486E+01    0.509273890285439568E+00    0.369125154423097623E+00    0.475895691222238681E+00    0.192032049356981247E+03   -0.495404297884892770E+02
    0.582852286341663373E+01    0.445055970872577367E+00    0.350393932378768425E+00    0.774758650273869032E+00    0.240108594583782235E+03   -0.495067893999050241E+02
    0.592348990568942568E+01    0.679137965395977705E+00    0.364891760520608566E+00    0.481485524383285624E+00    0.612710882927596643E+02   -0.494870891215544830E+02
    0.440343003761697993E+01    0.633446493215191420E+00    0.350125202074997199E+00    0.712082598262020250E+00    0.100761058616183959E+03   -0.494708076985178735E+02
    0.596544277478394580E+01    0.507514587572115761E+00    0.345293043587468429E+00    0.743354932461057105E+00    0.173351570124093456E+03   -0.494126317511647173E+02
    0.587265705379179970E+01    0.487877453052069865E+00    0.350606758771121074E+00    0.716575269889521138E+00    0.247069195338531642E+03   -0.491125237377624444E+02
    0.587265705379179970E+01    0.487877453052069865E+00    0.350606758771121074E+00    0.716575269889521138E+00    0.247069195338531642E+03   -0.491125237377624444E+02
    0.728337437932998277E+01    0.532221358228001318E+00    0.364858767111269022E+00    0.463228843178025651E+00    0.137137047964365024E+03   -0.490900780803807706E+02
    0.608911604131229645E+01    0.681635331630837893E+00    0.382475362419396892E+00    0.240609638277902688E+00    0.136507399479703224E+03   -0.490360504602680365E+02
    0.608911604131229645E+01    0.681635331630837893E+00    0.382475362419396892E+00    0.240609638277902688E+00    0.136507399479703224E+03   -0.490360504602680365E+02
    0.476951015469127082E+01    0.797305147273570713E+00    0.364822077147570534E+00    0.412410794701851324E+00    0.104229423116542833E+03   -0.489618453064232284E+02
    0.419029105558979609E+01    0.768236864451252832E+00    0.359118083225933138E+00    0.548485728202400491E+00    0.948497849732320617E+02   -0.488100707649824415E+02
    0.568375836550890323E+01    0.573560375784528564E+00    0.358958315820308016E+00    0.548041200278954421E+00    0.203876490505776985E+03   -0.488021479912972822E+02
    0.782042880879645264E+01    0.579366838797532369E+00    0.376330870920750848E+00    0.309571750409989521E+00    0.134498679785382933E+03   -0.487323794714273930E+02
    0.512629177907130362E+01    0.641958071891304272E+00    0.365183757420428412E+00    0.494678259863027880E+00    0.179844453398871735E+03   -0.486607801106940911E+02
    0.609081612318086574E+01    0.622835271147215708E+00    0.363789962597248051E+00    0.463044992234181663E+00    0.177344875939001383E+03   -0.486021292373980671E+02
    0.514395857131913914E+01    0.722100471854860704E+00    0.366754271427976397E+00    0.435840591192207805E+00    0.491723259167283899E+02   -0.484835976999783114E+02
    0.524305558002337335E+01    0.564870654383970661E+00    0.359782450769147388E+00    0.624192145003068077E+00    0.195552688400006446E+03   -0.484765782216635799E+02
    0.515969030568170339E+01    0.623442235537648659E+00    0.350670291887656138E+00    0.675530895513547502E+00    0.123214088745859698E+03   -0.481638910938916140E+02
    0.628271285708791005E+01    0.563706114264266978E+00    0.354938113983677916E+00    0.608709792020858398E+00    0.148713280043550583E+03   -0.480564894688252409E+02
    0.439832445922566961E+01    0.701236218244436604E+00    0.362194662823093205E+00    0.518848991278777927E+00    0.145774246486938154E+03   -0.480489922962066700E+02
    0.618030957539543024E+01    0.555265459053010280E+00    0.364277910844757635E+00    0.556188244621627526E+00    0.156674290140862865E+03   -0.478832813654876475E+02
    0.425724229277060040E+01    0.735900488799773322E+00    0.366188297545028518E+00    0.492712944325083557E+00    0.851145322563620539E+02   -0.476066010785223668E+02
    0.425724229277060040E+01    0.735900488799773322E+00    0.366188297545028518E+00    0.492712944325083557E+00    0.851145322563620539E+02   -0.476066010785223668E+02
    0.534751940686235194E+01    0.645269083462008508E+00    0.358635737111603126E+00    0.525121166445709719E+00    0.172356844338643924E+03   -0.482000507402682814E+02
    0.690613367193028083E+01    0.609231143940458963E+00    0.374161308517765356E+00    0.339152359975310735E+00    0.152149116005846111E+03   -0.483854461838688152E+02
    0.504594304278936523E+01    0.587247132655076887E+00    0.356312646082335371E+00    0.617847585840546998E+00    0.155986710368534403E+03   -0.475143593809501184E+02
    0.504594304278936523E+01    0.587247132655076887E+00    0.356312646082335371E+00    0.617847585840546998E+00    0.155986710368534403E+03   -0.475143593809501184E+02
    0.641849761134987773E+01    0.622394433595693020E+00    0.366735231792465588E+00    0.398106587943310386E+00    0.152299156039187039E+03   -0.483354116443034343E+02
    0.509509029186295415E+01    0.628158729564858298E+00    0.351448182637975781E+00    0.690184886435680545E+00    0.126772239491646502E+03   -0.484051056458954463E+02
