    0.345657749878111220E+01    0.358479042377698620E+00    0.290663576667748502E+00    0.174948081209052719E+01    0.385172062569212358E+03   -0.546273926422722482E+02
    0.525471227767619009E+01    0.571688161527741268E+00    0.317403393554959501E+00    0.120016148696689706E+01    0.132352055299482856E+03   -0.534376566552344698E+02
    0.240913688596356845E+01    0.849970372373813898E+00    0.339704777025301774E+00    0.837604749443940699E+00    0.389019666846383245E+02   -0.531045574335390000E+02
    0.265430765567576765E+01    0.762720267859481660E+00    0.342510460841117137E+00    0.970555958870604307E+00    0.510432834259654271E+02   -0.527959940678672979E+02
    0.362646455348979391E+01    0.533675602368840374E+00    0.307513507416658005E+00    0.136837238528639693E+01    0.250401164434177190E+03   -0.527913012826635679E+02
    0.336958098732845812E+01    0.670218393022737891E+00    0.347321028636638551E+00    0.918557563182111458E+00    0.574264372391193092E+02   -0.524953304320748231E+02
    0.257156313959125704E+01    0.552271510355524464E+00    0.289237168515714349E+00    0.167991205452831216E+01    0.328871638207979288E+03   -0.523069706572399582E+02
    0.411635438958574529E+01    0.580568667597640364E+00    0.328978230439699870E+00    0.116209769838594990E+01    0.998557307054454526E+02   -0.521467072469181900E+02
    0.292867765777241962E+01    0.506794346120309602E+00    0.303247415526099240E+00    0.156184886268504264E+01    0.257247361019153686E+03   -0.519708111725022448E+02
    0.345930183313012174E+01    0.504430523665833963E+00    0.293026821686874217E+00    0.165057820748905093E+01    0.283330354009692655E+03   -0.514707562193438690E+02
    0.330877842068772354E+01    0.384607584703748118E+00    0.279687193389642597E+00    0.186856265115935138E+01    0.413903581390857255E+03   -0.513599892072286721E+02
    0.330877842068772354E+01    0.384607584703748118E+00    0.279687193389642597E+00    0.186856265115935138E+01    0.413903581390857255E+03   -0.513599892072286721E+02
    0.358548005387634472E+01    0.547752259367949024E+00    0.289199033412097184E+00    0.160435073538122852E+01    0.290443627619689551E+03   -0.512772130506108397E+02
    0.358548005387634472E+01    0.547752259367949024E+00    0.289199033412097184E+00    0.160435073538122852E+01    0.290443627619689551E+03   -0.512772130506108397E+02
    0.254392453583696687E+01    0.721734669471823520E+00    0.331986484875684773E+00    0.110055865199821401E+01    0.726070292833296236E+02   -0.510887744284572989E+02
    0.254392453583696687E+01    0.721734669471823520E+00    0.331986484875684773E+00    0.110055865199821401E+01    0.726070292833296236E+02   -0.510887744284572989E+02
    0.385894163225577547E+01    0.422347656544449668E+00    0.286538247829394410E+00    0.171906933538040096E+01    0.377625242623185443E+03   -0.510482168460870938E+02
    0.270694161661496979E+01    0.569172217880078990E+00    0.307533648393772896E+00    0.144414006888156665E+01    0.205750445941160393E+03   -0.509856587569634740E+02
    0.270694161661496979E+01    0.569172217880078990E+00    0.307533648393772896E+00    0.144414006888156665E+01    0.205750445941160393E+03   -0.509856587569634740E+02
    0.335416687979211403E+01    0.587631539239824141E+00    0.307885537744166604E+00    0.133491266522716789E+01    0.178781411651318763E+03   -0.509835491594309218E+02
    0.352254078424489547E+01    0.438062645249013116E+00    0.300269086253325435E+00    0.160455996106745014E+01    0.215794478092980512E+03   -0.509218109774262686E+02
    0.287808268303313630E+01    0.463896716927721775E+00    0.270601204949504903E+00    0.195050004782847863E+01    0.387441673725046371E+03   -0.508561649362810186E+02
    0.331423170340470508E+01    0.589444075028294212E+00    0.303919299454067149E+00    0.141372997590519711E+01    0.237750708364397781E+03   -0.508160849758033066E+02
    0.309624468532781716E+01    0.709579191741593895E+00    0.317594222312661878E+00    0.123115450279956495E+01    0.982872179379289861E+02   -0.505444937517786315E+02
    0.317520439449496994E+01    0.536414205467990790E+00    0.296263106295156120E+00    0.153013061120194105E+01    0.264011755846698691E+03   -0.505433957956942947E+02
    0.317520439449496994E+01    0.536414205467990790E+00    0.296263106295156120E+00    0.153013061120194105E+01    0.264011755846698691E+03   -0.505433957956942947E+02
    0.380777800787471588E+01    0.580210332167431009E+00    0.319278800613081282E+00    0.124864983263657803E+01    0.883925837202352227E+02   -0.505318541265497174E+02
    0.322833612088646005E+01    0.459142721865464898E+00    0.279775302476191978E+00    0.184379513403553918E+01    0.213824482771271846E+03   -0.503503547314870090E+02
    0.372920658952634687E+01    0.484893889316268034E+00    0.294674341947566198E+00    0.160713806660356662E+01    0.143697328380605256E+03   -0.502776510268482113E+02
    0.372920658952634687E+01    0.484893889316268034E+00    0.294674341947566198E+00    0.160713806660356662E+01    0.143697328380605256E+03   -0.502776510268482113E+02
    0.398350030256606491E+01    0.409663307274034660E+00    0.279332863924103281E+00    0.181770608575983350E+01    0.308624208256080180E+03   -0.502737781137948971E+02
    0.316736959521663453E+01    0.434092844641677800E+00    0.274393574616056013E+00    0.187676068685103359E+01    0.347908534356008204E+03   -0.502343158659225040E+02
    0.370835670221500369E+01    0.516288051346535881E+00    0.299424933242888436E+00    0.151534793364640130E+01    0.250645465272250846E+03   -0.499793318903061490E+02
    0.346333952747038198E+01    0.589606688524752509E+00    0.299875214042275240E+00    0.143669720335802364E+01    0.191269611105509199E+03   -0.499555896785653744E+02
    0.363423310841851199E+01    0.465789592783640682E+00    0.294309491136066859E+00    0.160815285081082049E+01    0.227069312709605754E+03   -0.499153835826470029E+02
    0.272878807867400264E+01    0.534670425595741738E+00    0.292303616508987008E+00    0.165773248755651759E+01    0.179165229905111261E+03   -0.497807031827356496E+02
    0.337248811531132597E+01    0.578929131870861702E+00    0.301660710792793219E+00    0.148659402361380577E+01    0.185720920930104597E+03   -0.496102448996457710E+02
    0.349215552986702349E+01    0.515964351793819720E+00    0.292751501713838902E+00    0.158446321496140774E+01    0.184040993418469412E+03   -0.495929444104958890E+02
    0.335293339139598867E+01    0.552382756189876423E+00    0.308348184350857757E+00    0.141666699788411687E+01    0.119752235424552893E+03   -0.495643961847766334E+02
    0.299311406215464171E+01    0.535688901923530136E+00    0.288740518946915492E+00    0.167117538750523709E+01    0.254227887463048660E+03   -0.490937666637798671E+02
    0.284119770831294982E+01    0.675460800795079752E+00    0.313942820335405659E+00    0.128850804721022705E+01    0.100492993380069905E+03   -0.488233170252668955E+02
    0.284119770831294982E+01    0.675460800795079752E+00    0.313942820335405659E+00    0.128850804721022705E+01    0.100492993380069905E+03   -0.488233170252668955E+02
    0.303696464345402362E+01    0.539881115461889882E+00    0.288446354387689341E+00    0.168259985878128004E+01    0.234747230502451117E+03   -0.492477727224549824E+02
    0.332670498502930201E+01    0.480314247437464426E+00    0.283464060601128498E+00    0.173889585244431055E+01    0.312447066387845325E+03   -0.494228111240028056E+02
    0.301701542901567077E+01    0.512513217645704233E+00    0.292562830230504944E+00    0.164259875590199522E+01    0.252951741858869440E+03   -0.492984281432290743E+02
    0.331018769744954433E+01    0.612504267254846524E+00    0.314429571058302992E+00    0.130047401322470391E+01    0.949086628495819014E+02   -0.493370534466071220E+02
    0.355250874101355629E+01    0.469572782255936461E+00    0.284767563409192848E+00    0.172539432701633744E+01    0.248324008675605000E+03   -0.493336892918406633E+02
    0.283739060783068986E+01    0.635838513098049174E+00    0.304011594743469504E+00    0.143510640522060950E+01    0.160853937074807902E+03   -0.489756218563853523E+02
    0.283739060783068986E+01    0.635838513098049174E+00    0.304011594743469504E+00    0.143510640522060950E+01    0.160853937074807902E+03   -0.489756218563853523E+02
    0.317408041200720303E+01    0.667775465335153862E+00    0.322528301771934867E+00    0.119145507312272492E+01    0.102869711521356891E+03   -0.495355432168135863E+02
