    0.805642912316710635E+01    0.541346260458884654E+01    0.148972807487301706E+01   -0.120028823027921461E+01    0.334990646269693752E+04   -0.883216952223875218E+38   -0.230091898153046470E+01    1
    0.285637323306685218E+02    0.156433295543567685E+01    0.105935595492903753E+00    0.389068818856129317E+00    0.496226986884593407E+04   -0.759932143603415922E+34   -0.240091898153046435E+01    1
    0.973799157618389755E+00    0.598810384697637055E+01    0.226542889529751462E+00    0.266807922510248163E+01    0.255822588392312628E+04   -0.205942324496619652E+30   -0.250091898153046444E+01    1
    0.192893758050590023E+02    0.120350220787169104E+01    0.865514901771631262E-01    0.197696391487624723E+01    0.865895099789152937E+03   -0.970834982957669401E+28   -0.260091898153046497E+01    1
    0.158984811252011866E+02    0.214804306727701855E+01    0.132702541695825227E+01    0.105551649627840338E+01    0.145277893240958156E+04   -0.222113341515949199E+23   -0.270091898153046506E+01    1
    0.603637670590624786E+01    0.266437856792307048E+01    0.115044687490005271E+01   -0.470296820882027422E+01    0.144926117136320408E+04   -0.138972788763470725E+20   -0.280091898153046470E+01    1
    0.374275719220301752E+02    0.219465361852153418E+01    0.935043307666944767E+00   -0.335576805948256496E+01    0.194049255989542758E+04   -0.761523464527936000E+18   -0.290091898153046479E+01    1
    0.106689483997637211E+02    0.940048596400886449E+00    0.178817602188812197E+01    0.167249071851315456E+01    0.263965237188633546E+04   -0.670311930282232064E+18   -0.300091898153046532E+01    1
    0.295379130940731116E+02    0.751740053288183080E-01    0.217592038916262132E+01    0.333516654897565523E+01    0.448713923258554132E+04   -0.107475296155308100E+17   -0.310091898153046586E+01    1
    0.181711144575268442E+02    0.151709466972549389E+01    0.830643390810822280E+00   -0.163220265721662317E+00    0.730529328431160593E+03   -0.153299022951178300E+16   -0.320091898153046506E+01    1
    0.484540045778448825E+01    0.832346869387902838E-01    0.494779807645693778E-01    0.447052835428707773E+01    0.102889678727291266E+04   -0.144348395743711250E+14   -0.330091898153046515E+01    1
    0.212158062151577980E+02    0.948824255107257875E+00    0.746079019523814502E+00   -0.169158413300330412E+01    0.462773805496627301E+04   -0.319669790237346924E+12   -0.340091898153046479E+01    1
    0.259623636703690819E+01    0.247762871559642850E+01    0.262815302322760680E+00    0.204550446924402118E+01    0.776368826935375068E+03   -0.185903738293793304E+12   -0.350091898153046488E+01    1
    0.311147041635757704E+01    0.304110937578988827E+00    0.955204662790457154E-01    0.347222427987621618E+01    0.342416546114537005E+04   -0.547266247438124771E+11   -0.360091898153046541E+01    1
    0.460108120824399620E+02    0.590863670513166794E+00    0.663747991236998902E+00    0.905650506359135909E+00    0.524412894302925906E+03   -0.518831610313206787E+11   -0.370091898153046506E+01    1
    0.208545930140284987E+02    0.795254383413686483E+00    0.487159079627925262E+00    0.856889161534116206E+00    0.423470255234442448E+04   -0.160633919961889496E+11   -0.380091898153046559E+01    1
    0.138802946036680908E+02    0.102627591719432076E+01    0.419529299411287748E+00    0.211012250831116344E+01    0.414910781853631477E+03   -0.111078405474825687E+11   -0.390091898153046568E+01    1
    0.354729830653030334E+02    0.289460633076591867E+00    0.583973686170963902E+00   -0.123728496428888515E+00    0.769706670822060914E+03   -0.636234474661405850E+07   -0.400091898153046532E+01    1
    0.339084363341408519E+02    0.657525365537145745E-01    0.395381250370211212E+00   -0.170034493355146621E+01    0.114561888014026431E+04   -0.255264812910469901E+07   -0.410091898153046586E+01    1
    0.229534405122279246E+02    0.207908487326567110E+00    0.251522616805287647E+00    0.849075404191428351E+00    0.208708608238940587E+04   -0.120666461167530250E+07   -0.420091898153046550E+01    1
    0.296805370216549314E+01    0.135825065097426778E+01    0.535916909021503352E+00   -0.263793548931616595E+01    0.209444601842177599E+04   -0.878870407241283450E+06   -0.430091898153046603E+01    1
    0.217366457592168594E+02    0.749216986055733641E-01    0.529344210977569785E+00    0.513585823934428864E+00    0.103033411244585318E+04   -0.412469822560715431E+06   -0.440091898153046568E+01    1
    0.972675333255012653E+00    0.710409351092175095E-01    0.104237861226796813E+01   -0.269247523893412755E+01    0.185912868366254656E+04   -0.376721061726935033E+06   -0.450091898153046621E+01    1
    0.170253339902001155E+01    0.157391667735366031E+00    0.931926229375828696E+00   -0.330183104570910224E+01    0.191700332222260181E+04   -0.107615997053519008E+06   -0.460091898153046674E+01    1
    0.834388817180186848E+01    0.577018676627749638E+00    0.625809634116403557E+00   -0.436514895955934357E+01    0.377519315470064657E+04   -0.916986435799540923E+05   -0.470091898153046639E+01    1
    0.794083457331729292E+01    0.186552212494617231E+00    0.381571216371658195E+00   -0.359321909688166630E+00    0.165705243852065223E+04   -0.438538226623173614E+05   -0.480091898153046603E+01    1
    0.438731909094454124E+02    0.297311493196497523E+00    0.450609870210599506E+00   -0.137347374419423157E+00    0.112608408970301321E+04   -0.330661614155622374E+05   -0.490091898153046657E+01    1
    0.286029061901687065E+02    0.456058649213079592E+00    0.305610034386865681E+00    0.300086287522022377E+00    0.253438847543407792E+04   -0.273323705562842115E+05   -0.500091898153046621E+01    1
    0.345872474457241950E+02    0.398002567180419931E+00    0.646275756854175043E+00   -0.275459724166788877E+01    0.547655490226263964E+03   -0.266254848131124454E+05   -0.510091898153046674E+01    1
    0.980440925245262207E+01    0.159686374688807364E+00    0.473821135444914165E+00    0.567624663097340054E+00    0.103476950628987174E+04   -0.222649208992538624E+05   -0.520091898153046639E+01    1
    0.890708251979457621E+01    0.246011332071164796E+00    0.600835269837273644E+00   -0.218812843795442946E+01    0.373213120285710966E+04   -0.151549756959427032E+05   -0.530091898153046692E+01    1
    0.142107439735591772E+02    0.254318719977171426E+00    0.319132881102996591E+00    0.195564847826728272E+01    0.126160000171745514E+04   -0.135081028182435766E+05   -0.540091898153046657E+01    1
    0.119379354901476233E+02    0.360375429952273618E+00    0.395555473466225938E+00   -0.714080475759272915E+00    0.188626964459018222E+04   -0.131679903217119117E+05   -0.550091898153046710E+01    1
    0.244958707077378435E+02    0.330956498179386827E+00    0.661736549599632018E+00   -0.393485140407858136E+01    0.234975317599447544E+04   -0.106238035684376082E+05   -0.560091898153046674E+01    1
    0.371126389561339778E+02    0.165414290398316982E+00    0.437180214437186854E+00   -0.132674590657614666E+01    0.315784773086739142E+04   -0.915001859302628327E+04   -0.570091898153046639E+01    1
    0.123468159757637945E+02    0.557260811606387518E+00    0.637870754395855055E+00   -0.337556570116748045E+01    0.102035574046396664E+04   -0.863805714856846134E+04   -0.580091898153046692E+01    1
    0.458458162172865258E+02    0.125202582759286196E+00    0.443774577429176420E+00   -0.491875852405328384E+00    0.348979649302217695E+04   -0.736785672441421957E+04   -0.590091898153046746E+01    1
    0.104378645267747405E+02    0.426272193385933806E+00    0.407291043321333535E+00   -0.771882550076096852E+00    0.324725465669194273E+04   -0.687767639939908986E+04   -0.600091898153046710E+01    1
    0.186489354909295493E+02    0.302330078541585445E+00    0.436534157623558960E+00   -0.112498333559617536E+01    0.181967738405082332E+04   -0.509367256354704659E+04   -0.610091898153046763E+01    1
    0.157810594775451496E+01    0.287554595473669683E+00    0.644735208344448085E+00   -0.184697397092524973E+01    0.123720218463660353E+04   -0.433400656737614554E+04   -0.620091898153046728E+01    1
    0.148754392505737627E+02    0.221627223344453339E+00    0.298759856246416655E+00    0.224270812758836513E+01    0.748893974502313085E+03   -0.412084386817799168E+04   -0.630091898153046603E+01    1
    0.423004323561134328E+02    0.635340816544617965E-01    0.360776496125915114E+00    0.119501134620322658E+01    0.117115063128849715E+04   -0.343346387499101002E+04   -0.640091898153046657E+01    1
    0.487014003533805564E+02    0.331421583047843304E+00    0.620165188421219593E+00   -0.298168045554564998E+01    0.521486485604736231E+03   -0.333762594619954916E+04   -0.650091898153046799E+01    1
    0.290048118007800859E+02    0.156664719966436355E+00    0.472470138585391219E+00   -0.136098480545441758E+01    0.314296954048551061E+04   -0.318946608695886562E+04   -0.660091898153046763E+01    1
    0.302759629402544235E+02    0.102162067935044024E+00    0.415410036547981532E+00   -0.586488485817918903E+00    0.537187333575712000E+04   -0.291385675467010878E+04   -0.670091898153046817E+01    1
    0.121415163343175969E+01    0.137946005839463981E+00    0.551897638007334046E+00   -0.532740355712401525E+00    0.605070959062973316E+03   -0.282575570591440010E+04   -0.680091898153046692E+01    1
    0.128068843264520815E+02    0.174506593208669458E+00    0.371332113789430762E+00    0.636320240836435569E+00    0.314613751869848738E+04   -0.121812623636787384E+04   -0.690091898153046746E+01    1
    0.378478394852849309E+01    0.372577552733645623E+00    0.481854055212127097E+00   -0.648400909267463854E+00    0.822592481693583068E+03   -0.108514113917562122E+04   -0.700091898153046710E+01    1
    0.407691126032856346E+02    0.104847214348427975E+00    0.520703990577147668E+00   -0.160083747459236481E+01    0.111030251739426967E+04   -0.951161846081514568E+03   -0.710091898153046674E+01    1
    0.336457768796985661E+02    0.157903530268609343E+00    0.329971454946640541E+00    0.518059714878216893E+00    0.122543387039721506E+04   -0.749485011747076328E+03   -0.720091898153046728E+01    1
    0.335799909331674939E+02    0.904129380573455710E-01    0.333492578989291633E+00    0.109755778082826594E+01    0.205914869890051978E+04   -0.647648496915094597E+03   -0.730091898153046781E+01    1
    0.656364287820309045E+01    0.738317423123468763E-01    0.419493926580699616E+00    0.100352208166423118E+01    0.687306522721853526E+03   -0.607467933179768920E+03   -0.740091898153046834E+01    1
    0.356974493124512975E+02    0.159333435714140964E+00    0.361772080122191975E+00    0.169241794187064754E+00    0.241177037120455316E+04   -0.591360031755376212E+03   -0.750091898153046799E+01    1
    0.293043999100983257E+02    0.883884417035014497E-01    0.429499438179536674E+00   -0.434092614022287271E+00    0.106149501077156287E+04   -0.524424394438529134E+03   -0.760091898153046852E+01    1
    0.224986788407920102E+02    0.234014295442292908E+00    0.335528574300567872E+00    0.586259093351027438E+00    0.153064191624679961E+04   -0.352919157718142174E+03   -0.770091898153046639E+01    1
    0.501167383835431579E+01    0.206767256988813042E+00    0.466181049021346272E+00   -0.131945427169722462E+00    0.544138352693160243E+02   -0.308706931375624663E+03   -0.780091898153046781E+01    1
    0.183870638248622100E+02    0.420594826326091631E+00    0.284833842272777416E+00    0.138910360420263368E+01    0.133008615083264272E+04   -0.291894455560529366E+03   -0.790091898153046834E+01    1
    0.161115675029792413E+02    0.120624788789068918E+00    0.384046526769364460E+00    0.551984476988847783E+00    0.117791300421635606E+04   -0.265472861433960020E+03   -0.800091898153046799E+01    1
    0.159312745031483178E+02    0.263757266072186802E+00    0.276687445481258065E+00    0.171041962420813487E+01    0.212826090091963397E+04   -0.257027032334195724E+03   -0.810091898153046763E+01    1
    0.362434093238019841E+02    0.123886911271321426E+00    0.286059545354084788E+00    0.132681059138046087E+01    0.171987080675438301E+04   -0.248907232340893984E+03   -0.820091898153046728E+01    1
    0.425101458330000082E+01    0.171431813286456847E+00    0.449477672769603820E+00    0.295054442146996332E+00    0.470343197663542469E+03   -0.208403336126966167E+03   -0.830091898153046870E+01    1
    0.448668512681229075E+02    0.101006062042007697E+00    0.308435769624832434E+00    0.121578140173250393E+01    0.150500463901647117E+04   -0.181029262063452194E+03   -0.840091898153046834E+01    1
    0.165696413020025552E+02    0.300401270582325797E+00    0.333499765068609733E+00    0.113073413099366893E+01    0.531101933140128722E+03   -0.159389902041663390E+03   -0.850091898153046799E+01    1
    0.159339307590680193E+02    0.239138228992808899E+00    0.313124851081341860E+00    0.174758313555268296E+01    0.234686286140643034E+03   -0.148084857430446561E+03   -0.860091898153046763E+01    1
    0.344233646952934791E+02    0.198010666535928082E+00    0.289195610325986563E+00    0.181664964123426831E+01    0.302326344248189457E+03   -0.138470214254612102E+03   -0.870091898153046728E+01    1
    0.430440048877621351E+02    0.146233832451569568E+00    0.310351241146336054E+00    0.124435084379843897E+01    0.779386214558246593E+03   -0.125395340911844144E+03   -0.880091898153046870E+01    1
    0.930596854800900886E+01    0.142004310637498882E+00    0.385766557188305770E+00    0.774542667666352491E+00    0.588034218663611227E+03   -0.125284862619975655E+03   -0.890091898153046834E+01    1
    0.215532789878898328E+02    0.148943844754394789E+00    0.343672982802679494E+00    0.147434540017888271E+01    0.556156579573718091E+01   -0.116305768616095335E+03   -0.900091898153046799E+01    1
    0.500348358680294680E+02    0.150498180808102289E+00    0.294010581938426108E+00    0.173480835519413068E+01    0.163326021605128972E+03   -0.114787506880814206E+03   -0.910091898153046941E+01    1
    0.203730458688444536E+02    0.181728823801299011E+00    0.305740077624959861E+00    0.136609196780360076E+01    0.107035320204076584E+04   -0.112000385483925157E+03   -0.920091898153046905E+01    1
    0.363844294577347824E+02    0.144037217207163587E+00    0.309380279519281987E+00    0.149009255539091501E+01    0.332557938640709949E+03   -0.109885132467722840E+03   -0.930091898153046870E+01    1
    0.365614569483528982E+02    0.791966998980976333E-01    0.295478234417555718E+00    0.160295456600173702E+01    0.726901676472169584E+03   -0.109877699527192988E+03   -0.940091898153046834E+01    1
    0.109080876478412243E+02    0.636614917511526685E-01    0.529825152934899846E+00   -0.490669061850230070E+00    0.119011691084719132E+03   -0.105879291293156172E+03   -0.950091898153046799E+01    1
    0.466985485755078926E+02    0.143137808024901003E+00    0.291449879488789199E+00    0.169636121588564048E+01    0.171120211115060329E+03   -0.103883936912025902E+03   -0.960091898153046941E+01    1
    0.295698476736398170E+02    0.206902364176489773E+00    0.281067315223543668E+00    0.167167467091173028E+01    0.573856825030702566E+03   -0.100891535532301603E+03   -0.970091898153046905E+01    1
    0.173938234652817449E+02    0.256218800966150739E+00    0.371776398091628157E+00    0.932179377466530346E+00    0.111313439006341667E+03   -0.987365421907189216E+02   -0.980091898153046870E+01    1
    0.321914141336773199E+02    0.233418024434825983E+00    0.296116685905043975E+00    0.135314822358042885E+01    0.393515211767379924E+03   -0.968037776439159501E+02   -0.990091898153046834E+01    1
    0.167034614439330262E+02    0.168118781713824800E+00    0.376912942882584756E+00    0.104121848668657813E+01    0.874456423684733011E+02   -0.952965911912960451E+02   -0.100009189815304698E+02    1
    0.124448799752608270E+02    0.870484883808880922E-01    0.466102107689218892E+00    0.519543995826732968E-01    0.152053151639337557E+03   -0.907016562556840995E+02   -0.101009189815304694E+02    1
    0.216481675841661243E+02    0.231565808715889138E+00    0.318698453364608392E+00    0.123448587089176032E+01    0.460356800412255552E+03   -0.874751097680564129E+02   -0.102009189815304691E+02    1
    0.133676308079042609E+02    0.207166329041521324E+00    0.355261296123301484E+00    0.840175839429146976E+00    0.478422075337484330E+03   -0.870852421423871164E+02   -0.103009189815304687E+02    1
    0.106180490946741379E+02    0.388125772474142594E+00    0.407090949690357362E+00    0.386443178236256180E+00    0.106001641313744898E+03   -0.857088675942609655E+02   -0.104009189815304683E+02    1
    0.363414162681630657E+02    0.119554582120114772E+00    0.378841482686536835E+00    0.585423562621152249E+00    0.203567403319969060E+03   -0.853502177610912725E+02   -0.105009189815304680E+02    1
    0.112275561234926595E+02    0.293635879958578649E+00    0.344227006807796221E+00    0.978750197647942910E+00    0.456533750541331528E+03   -0.851389594308327844E+02   -0.106009189815304694E+02    1
    0.453994573451942500E+02    0.139601764756917740E+00    0.322998961720223188E+00    0.108984986975389830E+01    0.175501959233147460E+03   -0.807846002204302778E+02   -0.107009189815304691E+02    1
    0.763504453813396111E+01    0.240169475552796885E+00    0.342414080124321674E+00    0.114192949039758185E+01    0.512222880345776616E+03   -0.800948021954606588E+02   -0.108009189815304687E+02    1
    0.152567015596186959E+02    0.386824192219513141E+00    0.363798273796794414E+00    0.665681860282559379E+00    0.175009442125782925E+03   -0.799510019163997754E+02   -0.109009189815304701E+02    1
    0.893162964597476083E+01    0.139378916866664954E+00    0.391714197157464084E+00    0.759509269028346590E+00    0.173411190898061108E+03   -0.785663599295671844E+02   -0.110009189815304698E+02    1
    0.924849774818043358E+01    0.262092598342633487E+00    0.385478156921435222E+00    0.870807102559609358E+00    0.541565743690767647E+02   -0.776475493915197035E+02   -0.111009189815304694E+02    1
    0.107027914424913551E+02    0.239923146531189624E+00    0.394087535500208030E+00    0.541644708878639358E+00    0.833008500090826942E+02   -0.775161274509071774E+02   -0.112009189815304691E+02    1
    0.882160937376882615E+01    0.332437293742483098E+00    0.416151051446109255E+00    0.291526563120734716E+00    0.528823696090029785E+02   -0.768115269950385198E+02   -0.113009189815304705E+02    1
    0.174928397496128021E+02    0.349727674714465531E+00    0.331197338856733858E+00    0.107339831155625109E+01    0.151190148309579513E+03   -0.766069417770801522E+02   -0.114009189815304701E+02    1
    0.391325314911698641E+02    0.136632851581974218E+00    0.339119284086358552E+00    0.846513837327411478E+00    0.347979498936563914E+03   -0.762213982340272054E+02   -0.115009189815304698E+02    1
    0.291118029898747714E+02    0.146832282971898237E+00    0.355579115326446205E+00    0.831950273685265973E+00    0.152646886602329971E+03   -0.759508490536326946E+02   -0.116009189815304694E+02    1
    0.146998299393821181E+02    0.331513494552874266E+00    0.344002570884900383E+00    0.100477991473298545E+01    0.144236683137065029E+03   -0.758221244820916098E+02   -0.117009189815304691E+02    1
    0.756793229028280123E+01    0.422078077416437547E+00    0.413447256823152975E+00    0.305187344033803043E+00    0.954711793794898256E+02   -0.755967825319795566E+02   -0.118009189815304705E+02    1
    0.263415332810800784E+02    0.235572075057413677E+00    0.321827539595166023E+00    0.112268920791583460E+01    0.197047876285225186E+03   -0.749659820477511971E+02   -0.119009189815304701E+02    1
    0.411801580665028588E+01    0.334973431004947142E+00    0.426259861452136068E+00    0.465362961223753535E+00    0.762635525812054880E+02   -0.746525470012021657E+02   -0.120009189815304698E+02    1
    0.185698443471913848E+02    0.389187297147353228E+00    0.371971566109955798E+00    0.500311824675083949E+00    0.494067634453267033E+02   -0.744750560611199290E+02   -0.121009189815304694E+02    1
    0.266964629903725275E+02    0.213930354857539251E+00    0.324356442523489885E+00    0.109776065340277773E+01    0.188016181317210112E+03   -0.736654506261668871E+02   -0.122009189815304691E+02    1
    0.208070605378005773E+02    0.193602896133099778E+00    0.305119240673264625E+00    0.141299231071168463E+01    0.359240727493568670E+03   -0.734241107114917781E+02   -0.123009189815304705E+02    1
    0.276170890135613476E+02    0.199402047734072968E+00    0.340482406503427093E+00    0.927722977163747631E+00    0.166712368023418037E+03   -0.732494617739939571E+02   -0.124009189815304701E+02    1
    0.193526801607429668E+02    0.245557196024369373E+00    0.331804386691074982E+00    0.108025070624312525E+01    0.270775062518719494E+03   -0.730737594889005919E+02   -0.125009189815304698E+02    1
    0.543443552316395184E+01    0.433765737495433512E+00    0.372414558990497413E+00    0.970713086738674291E+00    0.620539551468026218E+02   -0.727109215902311092E+02   -0.126009189815304712E+02    1
    0.794532185691520532E+01    0.278393029042818263E+00    0.374044148266548748E+00    0.966095360208308773E+00    0.809614089780650090E+02   -0.725777082646855973E+02   -0.127009189815304708E+02    1
    0.545849522721431057E+01    0.535724250459353901E+00    0.361013950699782260E+00    0.933804642956426401E+00    0.793207670838505692E+02   -0.720016308322918519E+02   -0.128009189815304705E+02    1
    0.225260030193517302E+02    0.203145946212800937E+00    0.330210453591338826E+00    0.992398022678954828E+00    0.335064360552617472E+03   -0.718962645773134170E+02   -0.129009189815304701E+02    1
    0.235509298740274993E+02    0.316258793533610971E+00    0.359275097705811342E+00    0.578473689212465003E+00    0.106525449903230822E+03   -0.715898249006775558E+02   -0.130009189815304698E+02    1
    0.648895045791124048E+01    0.259942600055552975E+00    0.392086409762800236E+00    0.806315308907608497E+00    0.529036697105258042E+02   -0.710165750845429216E+02   -0.131009189815304712E+02    1
    0.361355851665165950E+01    0.495192992393140796E+00    0.381517388093156606E+00    0.719329208897320771E+00    0.108320887728671096E+02   -0.708581515034617553E+02   -0.132009189815304708E+02    1
    0.707859484790109406E+01    0.385579593621906080E+00    0.350899677255811893E+00    0.923129103138549678E+00    0.279158977333222595E+03   -0.698379524370730564E+02   -0.133009189815304705E+02    1
    0.186018988313416256E+01    0.406138175612195840E+00    0.363047579831416167E+00    0.123633911818156550E+01    0.925962634390090500E+02   -0.696007661342105877E+02   -0.134009189815304701E+02    1
    0.653646605346922449E+01    0.368414061099055445E+00    0.390658807508611428E+00    0.640217421202060599E+00    0.971040404195666156E+02   -0.689286696056174151E+02   -0.135009189815304715E+02    1
    0.122821112777104293E+02    0.468849243919335190E+00    0.363454939390017440E+00    0.540008566338191387E+00    0.145004630355439588E+03   -0.688816406030929045E+02   -0.136009189815304712E+02    1
    0.144435766319288650E+02    0.338470738842379659E+00    0.355573755248277223E+00    0.693389212918219311E+00    0.151783125209623734E+03   -0.688558871967810688E+02   -0.137009189815304708E+02    1
    0.218097074777034239E+01    0.564247473103630326E+00    0.375683792997506816E+00    0.842697086117330074E+00    0.138885047982773301E+03   -0.683176842829402347E+02   -0.138009189815304723E+02    1
    0.565983858005785034E+01    0.611103351015652940E+00    0.373445231051357629E+00    0.513403559706850809E+00    0.120163499893818170E+03   -0.669937337633179766E+02   -0.139009189815304701E+02    1
    0.751786867703673956E+01    0.499657470935171932E+00    0.363925647469493074E+00    0.592267687123344766E+00    0.920839914986236749E+02   -0.665011548310253886E+02   -0.140009189815304715E+02    1
    0.285304456655844341E+01    0.548888246166353788E+00    0.341361488281025582E+00    0.118935393524409960E+01    0.223626184616673157E+03   -0.663439379874470490E+02   -0.141009189815304712E+02    1
    0.401055012052863535E+01    0.545536432911570723E+00    0.401525469921323430E+00    0.452002878745289050E+00    0.493658619528760028E+02   -0.662083427301957812E+02   -0.142009189815304708E+02    1
    0.399246924916382895E+01    0.292325850731393166E+00    0.395965327629656916E+00    0.981528948362347720E+00    0.572532940152936476E+02   -0.655746431315831444E+02   -0.143009189815304723E+02    1
    0.863862157722685353E+01    0.577325251414276930E+00    0.369579368437633560E+00    0.458412535576342706E+00    0.964213281379384739E+02   -0.655607575548844608E+02   -0.144009189815304719E+02    1
    0.332994531170814856E+01    0.381295118221334550E+00    0.403105188080444987E+00    0.772235902174351230E+00    0.496084675520049529E+02   -0.653992408515911023E+02   -0.145009189815304715E+02    1
    0.465137715634990290E+01    0.503154782374620080E+00    0.362152488966136610E+00    0.787023043745889717E+00    0.172011268847690729E+03   -0.650111650105012302E+02   -0.146009189815304712E+02    1
    0.846418431698517004E+01    0.452935749885288230E+00    0.348949236476664204E+00    0.796054389763462100E+00    0.194034702824543956E+03   -0.649156560671611516E+02   -0.147009189815304708E+02    1
    0.297446480703556215E+01    0.375698381901983236E+00    0.392945424641471863E+00    0.924548105199782921E+00    0.420759356569045337E+02   -0.648613695633884220E+02   -0.148009189815304723E+02    1
    0.349589179245413018E+01    0.291222762691051018E+00    0.385411113504230352E+00    0.113634316889489173E+01    0.112137754998652156E+03   -0.645433605420686121E+02   -0.149009189815304719E+02    1
    0.292009939573949495E+01    0.715186061309947108E+00    0.391367896525540104E+00    0.390459387090366650E+00    0.694002463167514634E+02   -0.643942284643940752E+02   -0.150009189815304715E+02    1
    0.671045233722999157E+01    0.454908809106320589E+00    0.352839688980348787E+00    0.908092602788889591E+00    0.150395209975907790E+03   -0.642690820485805006E+02   -0.151009189815304730E+02    1
    0.338307260210276972E+01    0.291333042478111537E+00    0.376548041056188054E+00    0.121032804312114051E+01    0.135798711521583300E+03   -0.640832653426888754E+02   -0.152009189815304726E+02    1
    0.947172016017738017E+01    0.422696052788673615E+00    0.328233809591858494E+00    0.103545986579063287E+01    0.246719824971338454E+03   -0.639322033760217678E+02   -0.153009189815304723E+02    1
    0.957303291252264899E+01    0.339838357551217829E+00    0.319054643589323672E+00    0.122891401966898717E+01    0.309810219527888307E+03   -0.631824964740253563E+02   -0.154009189815304719E+02    1
    0.336565255029452848E+01    0.297850632064393439E+00    0.393530870705006752E+00    0.101232901897233507E+01    0.807284717219289121E+02   -0.628972297043095523E+02   -0.155009189815304715E+02    1
    0.919743474168642727E+01    0.389536023515077157E+00    0.328013768973064446E+00    0.108132175292232380E+01    0.240443793483674767E+03   -0.627521986345312541E+02   -0.156009189815304730E+02    1
    0.179772159987486946E+01    0.687989818616419169E+00    0.355362597582386364E+00    0.103053810223175391E+01    0.108166732917458262E+03   -0.627138105371949806E+02   -0.157009189815304726E+02    1
    0.310835183733504916E+01    0.585832592116302342E+00    0.384247820998371514E+00    0.736030150090335900E+00    0.417093806268886453E+02   -0.626707431943266826E+02   -0.158009189815304723E+02    1
    0.288810933846919404E+01    0.272820086182346155E+00    0.403504156447937523E+00    0.101185516367668971E+01    0.805772936499545551E+02   -0.626532574325771279E+02   -0.159009189815304737E+02    1
    0.194387625920096929E+01    0.780507676939673045E+00    0.352724968645729053E+00    0.843461712876403258E+00    0.136292271528162928E+03   -0.625866641516794218E+02   -0.160009189815304715E+02    1
    0.213958735823555513E+01    0.397199145211088234E+00    0.335958245456889071E+00    0.150039646481503874E+01    0.247406407132223251E+03   -0.623992635483975988E+02   -0.161009189815304730E+02    1
    0.363949465463298472E+01    0.441461019983395098E+00    0.358827947764095767E+00    0.102655296906318827E+01    0.175437529888690221E+03   -0.622828986969153391E+02   -0.162009189815304708E+02    1
    0.773783832310574304E+01    0.478176066796694055E+00    0.345785767802302080E+00    0.836629174431082201E+00    0.135417512049377251E+03   -0.619141769934107629E+02   -0.163009189815304723E+02    1
    0.323087090506778374E+01    0.338255651402593949E+00    0.356306733212843729E+00    0.130748296986247214E+01    0.163723570440358969E+03   -0.618855106930245995E+02   -0.164009189815304737E+02    1
    0.229562769247682974E+01    0.461334140799359860E+00    0.342301198873607770E+00    0.126062002173801257E+01    0.197234876652317041E+03   -0.618334350627183227E+02   -0.165009189815304715E+02    1
    0.217006701678809177E+01    0.716678668897482996E+00    0.322813035123196534E+00    0.121390227422897334E+01    0.244764085767160822E+03   -0.615619717110036575E+02   -0.166009189815304730E+02    1
    0.673698363807389811E+01    0.520827129620576423E+00    0.353057362407829367E+00    0.771542894716472527E+00    0.130727341929507190E+03   -0.614778829090311163E+02   -0.167009189815304744E+02    1
    0.309267662405316024E+01    0.573330681243442997E+00    0.360254472676505733E+00    0.971649720080487556E+00    0.110706515777669722E+03   -0.610663892593820989E+02   -0.168009189815304723E+02    1
    0.375098674290782697E+01    0.692108386805404319E+00    0.371059261228613824E+00    0.665133908512309246E+00    0.446814230891382635E+02   -0.609244095216824277E+02   -0.169009189815304737E+02    1
    0.651397368376257013E+01    0.431542822291619721E+00    0.319266586425758891E+00    0.118489651117205530E+01    0.278760243042940317E+03   -0.606735209239816413E+02   -0.170009189815304751E+02    1
    0.457309606881076469E+01    0.511318452255345668E+00    0.319096576439040158E+00    0.116726099384592130E+01    0.280225284872160614E+03   -0.604893468078751653E+02   -0.171009189815304730E+02    1
    0.301454230792192623E+01    0.481042276679442382E+00    0.329895037272294633E+00    0.136447313904458878E+01    0.241557931307709481E+03   -0.603325863766144153E+02   -0.172009189815304744E+02    1
    0.436525813350681613E+01    0.444687517232571217E+00    0.341149979442592066E+00    0.112383416411984149E+01    0.218612743780846529E+03   -0.601836012368289417E+02   -0.173009189815304723E+02    1
    0.358474271552785417E+01    0.408061881515430824E+00    0.297460918171398192E+00    0.174060618590900340E+01    0.360499748952086236E+03   -0.596691975728151291E+02   -0.174009189815304737E+02    1
    0.161830511296646029E+01    0.592008040990400719E+00    0.294201499049182802E+00    0.172172893134571425E+01    0.345285025576725729E+03   -0.593097416309905086E+02   -0.175009189815304751E+02    1
    0.379128940071141951E+01    0.729864626576165354E+00    0.353876416309771569E+00    0.737432276085614347E+00    0.966423068269521366E+02   -0.582386810611370578E+02   -0.176009189815304730E+02    1
    0.488965751676068727E+01    0.611686797429662366E+00    0.321553448340397785E+00    0.110319518253657800E+01    0.198481081046841865E+03   -0.582279141601617667E+02   -0.177009189815304744E+02    1
    0.478363014192290947E+01    0.682197326755116573E+00    0.352941243018832340E+00    0.669587997305121752E+00    0.934279759856123633E+02   -0.581478444239764229E+02   -0.178009189815304723E+02    1
    0.197379709161810446E+01    0.700389790048451921E+00    0.350107148427620529E+00    0.956760249154504527E+00    0.120631076510810999E+03   -0.580639771779420144E+02   -0.179009189815304737E+02    1
    0.377046621476487509E+01    0.700959834447024921E+00    0.350290505960083765E+00    0.746670155576719563E+00    0.130199600768542069E+03   -0.579087029821209995E+02   -0.180009189815304751E+02    1
    0.416817717797789822E+01    0.595969120106379258E+00    0.335651711174066780E+00    0.981700261907281435E+00    0.201876043145518054E+03   -0.575878644725520914E+02   -0.181009189815304730E+02    1
    0.336740095958582275E+01    0.724264682666121096E+00    0.362219338708917316E+00    0.709848056840067687E+00    0.689702372623652309E+02   -0.571900014485923123E+02   -0.182009189815304744E+02    1
    0.253548130876435618E+01    0.684667451887307932E+00    0.353916465592086948E+00    0.843781790015736055E+00    0.120674915157416393E+03   -0.571481001770299102E+02   -0.183009189815304758E+02    1
    0.312788467509811907E+01    0.491313467483700417E+00    0.286224558291348685E+00    0.178620311792484943E+01    0.395219732553973927E+03   -0.563841541741643013E+02   -0.184009189815304737E+02    1
    0.393499320296391719E+01    0.479414270385329411E+00    0.324897434008241282E+00    0.126835000037657641E+01    0.252033407534748562E+03   -0.560254519185802025E+02   -0.185009189815304751E+02    1
    0.323718638634215150E+01    0.701968767698348040E+00    0.325615405015867443E+00    0.107880092117183701E+01    0.185794050408238718E+03   -0.556050467342414123E+02   -0.186009189815304730E+02    1
    0.283115166463383972E+01    0.812475829364751378E+00    0.356562193288917195E+00    0.728872502566866087E+00    0.534530678285850058E+02   -0.549858210278023734E+02   -0.187009189815304744E+02    1
    0.353923869209986197E+01    0.423519815698918001E+00    0.296053541534029074E+00    0.168537276228966948E+01    0.399652928210431810E+03   -0.548162529640292533E+02   -0.188009189815304723E+02    1
    0.231160266663264524E+01    0.565112614110682143E+00    0.268828847804042315E+00    0.195063994140269448E+01    0.458543275325438572E+03   -0.545378759802724886E+02   -0.189009189815304737E+02    1
    0.294213518883086467E+01    0.662038407921841321E+00    0.337414269535462497E+00    0.105818907587612254E+01    0.139912373749712202E+03   -0.545139320812536212E+02   -0.190009189815304751E+02    1
    0.225163087161826692E+01    0.511736890733410776E+00    0.285799791971431183E+00    0.183803902459161073E+01    0.374921447599437442E+03   -0.544610733319043518E+02   -0.191009189815304730E+02    1
    0.315304320233666635E+01    0.445450898849976740E+00    0.293532255259774888E+00    0.172347963284656402E+01    0.406281979812641509E+03   -0.544476181656569196E+02   -0.192009189815304744E+02    1
    0.297684912639275279E+01    0.495043425977186646E+00    0.298934143940855157E+00    0.163063811447776796E+01    0.363286933945417616E+03   -0.543643242026077687E+02   -0.193009189815304758E+02    1
    0.306997084624631134E+01    0.545333634050456761E+00    0.321428764584676618E+00    0.131711765636580669E+01    0.237527901901484711E+03   -0.539692535170205971E+02   -0.194009189815304737E+02    1
    0.235788703418098056E+01    0.643724348989821338E+00    0.294936263691086331E+00    0.156010846349040122E+01    0.342287679749055314E+03   -0.538730893696455553E+02   -0.195009189815304751E+02    1
    0.406513798504108692E+01    0.508869496445403913E+00    0.303150626370370713E+00    0.141596612243211162E+01    0.313969115580781249E+03   -0.538286758455798875E+02   -0.196009189815304765E+02    1
    0.312584036629787976E+01    0.572380375990760082E+00    0.302522764438414249E+00    0.148080307514426446E+01    0.315154142163391953E+03   -0.531979052469572409E+02   -0.197009189815304744E+02    1
    0.348462649329002661E+01    0.618723283180580563E+00    0.317062794729654984E+00    0.122770150439540093E+01    0.223617605609382309E+03   -0.531288136149963677E+02   -0.198009189815304758E+02    1
    0.374971564635251653E+01    0.403035433935239384E+00    0.286985364536512022E+00    0.176479258341894929E+01    0.429270399833701617E+03   -0.530221688988437378E+02   -0.199009189815304737E+02    1
    0.262664687042958711E+01    0.649957592031807474E+00    0.314696730922951140E+00    0.130189017513965855E+01    0.248706834194921356E+03   -0.529182345446236511E+02   -0.200009189815304751E+02    1
    0.208919090052410406E+01    0.473942570149527564E+00    0.280152570334878337E+00    0.190223416227399933E+01    0.444681834077498934E+03   -0.527792119126702772E+02   -0.201009189815304730E+02    1
    0.264755252557166010E+01    0.442133352440599869E+00    0.260985475838613035E+00    0.209329110867118739E+01    0.524326319052837903E+03   -0.519824412190485532E+02   -0.202009189815304744E+02    1
    0.283990631792105219E+01    0.527240923198399214E+00    0.280803156981529300E+00    0.178515235331035860E+01    0.415331387331680389E+03   -0.517220876091684261E+02   -0.203009189815304758E+02    1
    0.232114490026598475E+01    0.551677245270369543E+00    0.303264657158445083E+00    0.151698755216977821E+01    0.295857836083830136E+03   -0.515229401220950649E+02   -0.204009189815304737E+02    1
    0.220099356554802261E+01    0.525992059097872833E+00    0.274662346842591887E+00    0.190510252661036672E+01    0.456646877181430455E+03   -0.514394074987966263E+02   -0.205009189815304751E+02    1
    0.261734473674754442E+01    0.478789976063494160E+00    0.288876036193796204E+00    0.176135425457699357E+01    0.382588337428486000E+03   -0.511955340113177400E+02   -0.206009189815304730E+02    1
    0.273623299469198145E+01    0.616457891341512076E+00    0.305767696084717711E+00    0.142451934119693080E+01    0.267235954201019695E+03   -0.510941953409239886E+02   -0.207009189815304744E+02    1
    0.311336925993590796E+01    0.518333571967763862E+00    0.293397538350750331E+00    0.161260194954050973E+01    0.367842868157593387E+03   -0.510535370072620580E+02   -0.208009189815304758E+02    1
    0.238328842495978321E+01    0.558861887044597383E+00    0.275777070774538002E+00    0.182739012598272677E+01    0.446587869377991296E+03   -0.510342496662148335E+02   -0.209009189815304737E+02    1
    0.255072090725733602E+01    0.570124868385759709E+00    0.287472784667918868E+00    0.167915578655193620E+01    0.391081031995562398E+03   -0.510233475653258495E+02   -0.210009189815304751E+02    1
    0.287676904768857966E+01    0.554631445061642414E+00    0.293154579814659255E+00    0.155548912247640470E+01    0.327508406781106089E+03   -0.509031315463585798E+02   -0.211009189815304765E+02    1
    0.271464575778567907E+01    0.486138870618532504E+00    0.269351075468975520E+00    0.191225597997616492E+01    0.477749839632361272E+03   -0.508849727629030326E+02   -0.212009189815304744E+02    1
    0.224848102270495831E+01    0.507757411299262218E+00    0.280260451245935904E+00    0.185210625374242244E+01    0.416707767160634603E+03   -0.508339818644434445E+02   -0.213009189815304758E+02    1
    0.285498519994217581E+01    0.567212968004031648E+00    0.301282196086647358E+00    0.147170156314998968E+01    0.317670132885122428E+03   -0.508191469286285979E+02   -0.214009189815304772E+02    1
    0.203513624378045455E+01    0.541245829169335835E+00    0.283058953115826073E+00    0.177713991155222617E+01    0.367864696954297244E+03   -0.508188360418800187E+02   -0.215009189815304751E+02    1
    0.226993373508527707E+01    0.521342023880820515E+00    0.268853600258604108E+00    0.193299862044398640E+01    0.482477607742481041E+03   -0.507021409482355949E+02   -0.216009189815304765E+02    1
    0.280423663717296323E+01    0.524747919659325990E+00    0.280549811822258466E+00    0.174942522370495057E+01    0.416687105968054425E+03   -0.504290507606252518E+02   -0.217009189815304779E+02    1
    0.275591090553478368E+01    0.468246836298902847E+00    0.274974387097996820E+00    0.189102695202722360E+01    0.464749356603095180E+03   -0.503803894637906211E+02   -0.218009189815304758E+02    1
    0.224463879625135609E+01    0.606754669168393046E+00    0.287063617903760004E+00    0.166445521722834577E+01    0.362236167641462259E+03   -0.503500933465457479E+02   -0.219009189815304772E+02    1
    0.221516387132721126E+01    0.607936024868638403E+00    0.304920589381443119E+00    0.148683768011764728E+01    0.257495604852653628E+03   -0.503419828290282254E+02   -0.220009189815304751E+02    1
    0.234424895832466351E+01    0.560532627740388922E+00    0.284378141976310672E+00    0.173221839980367576E+01    0.405420094719022813E+03   -0.502895954662885813E+02   -0.221009189815304765E+02    1
    0.285560563297336323E+01    0.470497542172494509E+00    0.275446144866848874E+00    0.184996363652567464E+01    0.453958898926355630E+03   -0.502825872223237482E+02   -0.222009189815304779E+02    1
