    0.925903306365618371E-81    0.519989767033319936E+03    0.359509307483440210E+02    0.144664799338145245E+00    0.520198175733306512E+00   -0.139002368116641239E+01    0.936121309624950584E+02
    0.294560788139741863E-69    0.466818293632043606E+03    0.207779102749353868E+02    0.120464461967280459E+00    0.134605556991707065E+00    0.378573949345065452E+01    0.332180613133708036E+02
    0.139449105268261693E-60    0.426667333348603734E+03    0.448868421288615735E+02    0.297045581141596515E+00    0.191870862708344303E+00    0.321568078139572044E+01    0.443259127474306780E+02
    0.577892234935249053E-55    0.400598107001393146E+03    0.248937187955574970E+02    0.188449516534335088E+00    0.230798337539556669E+00    0.291269095152924429E+01    0.462312185831687970E+02
    0.514770398320928088E-53    0.391419099496999138E+03    0.157859312923023708E+03    0.278826895950017584E+00    0.434012229004230088E+00   -0.103894463537693538E+01    0.440720821681648260E+02
    0.724538855316168420E-44    0.349088938986907976E+03    0.315575454657811036E+02    0.227713334454262339E+00    0.413791244082728771E+00   -0.281085790051189277E+00    0.152904061060333220E+03
    0.336012828785982009E-43    0.345820540902327480E+03    0.379149065238837402E+01    0.281037132398397171E+00    0.240089952991771827E+00    0.289165468900153400E+01    0.792500981966056486E+02
    0.581983506968877243E-31    0.289259913133183488E+03    0.310823755844935263E+02    0.100148406516171296E+00    0.126760180417676227E+00    0.397181982789285959E+01    0.452553143302361320E+02
    0.239754788531308278E-27    0.272412883233641764E+03    0.222130211977533882E+02    0.278163882575961641E+00    0.240953562848627345E+00    0.220238008315241007E+01    0.982373989072617633E+02
    0.246865093986568676E-26    0.267549262402367276E+03    0.425968014324367203E+02    0.328201105213445921E+00    0.360582976720190573E+00    0.913984274793085083E+00    0.157526987683298003E+01
    0.501071000493264653E-26    0.265933450803629285E+03    0.249301036025352580E+02    0.152545385216627666E+00    0.134415935557953337E+00    0.420454203904378865E+01    0.171663710853636111E+02
    0.322808894263254185E-21    0.243586974511887576E+03    0.200453661472456375E+02    0.182121557911884890E+00    0.171851020083640366E+00    0.353353829676509257E+01    0.152688680246865314E+02
    0.489444188512205716E-21    0.242554554614618695E+03    0.475166345849696548E+01    0.149027285992684860E+00    0.357071820249116711E+00    0.864716667166223640E+00    0.630962934914565778E+02
    0.130136458449366053E-19    0.235793587958291084E+03    0.566703936203867613E+02    0.329155280046721621E+00    0.364695735892953676E+00    0.424224969905834581E+00    0.223039593749036413E+02
    0.125917967288984858E-19    0.235659493835578758E+03    0.146261583710834095E+02    0.292311777458079902E+00    0.303888708215698300E+00    0.166504251585926721E+01    0.515288037965523529E+02
    0.450573152894528518E-18    0.228304544042055539E+03    0.206788621401406019E+02    0.122454303849861307E+00    0.277193024059807891E+00    0.194285479277248552E+01    0.170846435239194179E+02
    0.235858009723429226E-17    0.224793954806436886E+03    0.404212208324389906E+02    0.172519322126675534E+00    0.351127375101837003E+00    0.465516829480862038E+00    0.257595714711332704E+02
    0.225921999291807070E-17    0.224680035139282609E+03    0.143599338806040677E+02    0.118405183136423106E+00    0.264767919675401087E+00    0.222831196821118027E+01    0.267238390179913594E+02
    0.148181986968825727E-14    0.211508021868852381E+03    0.432375496174519043E+02    0.173782742773425314E+00    0.377909367239079752E+00    0.457844701337194515E+00    0.241089409991598806E+02
    0.202693012153448415E-13    0.206076348844919238E+03    0.452445898883537154E+02    0.189091548997030012E+00    0.435784137342798805E+00   -0.247482551466868789E+00    0.541348319145374468E+01
    0.185477210169974540E-13    0.206053869966427726E+03    0.322361186934800799E+02    0.219627025702877343E+00    0.341919872352074716E+00    0.658792873341792595E+00    0.770952174271793922E+02
    0.673145875945854551E-11    0.194065469509187579E+03    0.183116527538343021E+02    0.267954307800269131E+00    0.385161252327319736E+00    0.135074006782475192E+00    0.133172495728796605E+03
    0.171552440364368146E-10    0.191994445455838871E+03    0.681707832697827882E+02    0.192851019614207253E+00    0.432262226456162357E+00   -0.460959595360399210E+00    0.172734809422685700E+02
    0.111039582697658620E-09    0.188059279781772034E+03    0.337771960470230042E+02    0.159329399134607974E+00    0.412049940909707368E+00   -0.606653796166793519E-01    0.648524083065567112E+02
    0.127209658794542950E-09    0.187587380095137235E+03    0.391911916664290345E+02    0.104694960629833952E+00    0.384299440547230475E+00    0.273101601546527795E+00    0.131865117046087672E+02
    0.529185324997868219E-09    0.184536375856391118E+03    0.920353281201425943E+01    0.179186082350640874E+00    0.271360797968013157E+00    0.184278414690296666E+01    0.787719533537772918E+02
    0.696903703824592691E-09    0.183785758772732493E+03    0.554442347703095706E+01    0.138874881212828177E+00    0.285423204412386167E+00    0.179159610172820560E+01    0.906819944665052162E+02
    0.981878080865407372E-09    0.182900118965538638E+03    0.665819201264598437E+01    0.208336296599355431E+00    0.333497995040080875E+00    0.136490551561740969E+01    0.392375406670836782E+02
    0.208738252561988487E-08    0.181191720899043645E+03    0.193404153058694632E+02    0.106121855105167667E+00    0.382046869278921897E+00    0.613988393244239816E+00    0.222172431093022027E+02
    0.253497898162936090E-06    0.171392831637605269E+03    0.412624458477779115E+02    0.102938155279900023E+00    0.464221346358360432E+00   -0.715974171637243861E+00    0.142112266886438032E+02
    0.368812523137013587E-06    0.170442965805955680E+03    0.951908371206780402E+01    0.163238530879120103E+00    0.385343964963975050E+00    0.715620871663865565E+00    0.594260467881616616E+01
    0.518589809909926185E-06    0.169561316253692723E+03    0.265436052179935551E+02    0.143807422849701411E+00    0.355391293062419344E+00    0.546755620049745983E+00    0.619121693381054428E+02
    0.255819376473933160E-05    0.166169429245458360E+03    0.258600444909652332E+02    0.149750122193152119E+00    0.387273591149471241E+00    0.296673396650402099E+00    0.555865914708210269E+02
    0.233972583491930490E-05    0.166147964627211991E+03    0.175467703489236015E+02    0.259615913596745185E+00    0.340255155342557125E+00    0.792650530003958353E+00    0.798389170467617362E+02
    0.441334163399734857E-05    0.164678767857785601E+03    0.213927625434546655E+02    0.182730544684738205E+00    0.348228847985598722E+00    0.678742892204817205E+00    0.946246861593525921E+02
    0.507389471309332060E-05    0.164199814721724664E+03    0.126658391751142076E+02    0.110308753068528512E+00    0.309088615788668808E+00    0.133831955198785568E+01    0.653304600172403980E+02
    0.605968578626302880E-05    0.163644716246523217E+03    0.172030339280231210E+02    0.132607469561542402E+00    0.435054661315980917E+00    0.205318281745052629E-01    0.405209603578661444E+02
    0.552740458801351518E-05    0.163628595398547361E+03    0.147974695755733698E+02    0.270302104796346587E+00    0.350245827072109606E+00    0.739044389412821578E+00    0.928737061562571284E+02
    0.607438304843765530E-05    0.163239871286580325E+03    0.682249983959841977E+01    0.135399930437245519E+00    0.352622376335051835E+00    0.107183302653299095E+01    0.396966888929056907E+02
    0.613909653026578467E-05    0.163018676970245139E+03    0.246794661602777907E+02    0.112592826765001958E+00    0.407555569818322194E+00    0.467262084534504074E-01    0.254924685319145397E+02
    0.226540109386322058E-04    0.160207358303823895E+03    0.634466704474307797E+01    0.297514322578247670E+00    0.310462316927806459E+00    0.139058119525712365E+01    0.909118716310007642E+02
    0.871062705601734975E-04    0.157313774395251357E+03    0.151268706512218287E+02    0.170452880282578018E+00    0.373103500326297466E+00    0.603633790618142263E+00    0.672427711519744093E+02
    0.841562521403509009E-04    0.157182681712203930E+03    0.163036353816692525E+02    0.133375925925164868E+00    0.379515906836262795E+00    0.410831574198340432E+00    0.286076243303635991E+02
    0.856343858485101932E-04    0.156947858330445712E+03    0.840703139146383727E+01    0.168499971755211364E+00    0.325621971249692221E+00    0.126091488770394333E+01    0.653700307155527867E+02
    0.105049000073164107E-03    0.156339178325762504E+03    0.691208804378278341E+01    0.126807505657829056E+00    0.391399602317871353E+00    0.707897968869684036E+00    0.429934985945925661E+02
    0.101594462363811439E-03    0.156206054084362250E+03    0.149538639888652405E+02    0.125994419896952092E+00    0.442248915218597383E+00    0.196907977781072482E-01    0.288126437646627522E+02
    0.930763461364393093E-04    0.156181191977941978E+03    0.254069679261922694E+02    0.187007207519636176E+00    0.427660455774348802E+00   -0.291670394528339483E+00    0.421111988572851388E+02
    0.110618203673505921E-03    0.155635862811651549E+03    0.104765987806700593E+02    0.136952939030577786E+00    0.385212760928751230E+00    0.537784433823118468E+00    0.198521209916056627E+02
    0.117169038022977849E-03    0.155320796819994342E+03    0.823619251285746934E+01    0.237235002296288605E+00    0.311858947921582752E+00    0.117802567986157469E+01    0.111449958613505345E+03
    0.155898875363551031E-03    0.154549617018682881E+03    0.702822788998007475E+01    0.163145959911516980E+00    0.334282211321126621E+00    0.119642468939600333E+01    0.891449027408029622E+02
    0.199424916811505451E-03    0.153857156525783097E+03    0.140317429544908645E+02    0.160126798197345321E+00    0.401599495742112456E+00    0.347795997711682681E+00    0.300619534007417144E+02
    0.358457428161269907E-03    0.152484412336914772E+03    0.698392442388817791E+01    0.241043918379287569E+00    0.416898521740583894E+00    0.335202939890061669E+00    0.498935895175787181E+02
    0.327247612266895081E-03    0.152466597926282702E+03    0.160690331584760919E+02    0.192173707249760212E+00    0.443415069566673703E+00   -0.141792696624277070E+00    0.255260081734279751E+02
    0.431364612835086604E-03    0.151714124739237349E+03    0.136551342886583527E+02    0.129211861778741638E+00    0.349022425248356749E+00    0.783478563857071375E+00    0.534997973105517062E+02
    0.526062172992583250E-03    0.151117193332377070E+03    0.136739973328294084E+02    0.143986383231000853E+00    0.342768646813634614E+00    0.853594293619636679E+00    0.577431123204734291E+02
    0.546510632679825356E-03    0.150840924616327612E+03    0.126305671110792588E+02    0.236431116420893261E+00    0.475108988674070420E+00   -0.403902262453555150E+00    0.248828623234851491E+02
    0.648577656162908195E-03    0.150298468655199258E+03    0.145858863799818206E+02    0.138933754347050631E+00    0.379707371392735915E+00    0.507314675269754267E+00    0.534504779165205193E+02
    0.813544333440294719E-03    0.149645231298423880E+03    0.121744352919215721E+02    0.178752745249234124E+00    0.442647782435746706E+00    0.267802276420372742E-01    0.237339375057446986E+02
    0.131339561330600296E-02    0.148487289875496799E+03    0.129007917759759163E+02    0.193938917639968372E+00    0.406665847631847599E+00    0.178055114341957810E+00    0.251911110528085551E+02
    0.143145351927923795E-02    0.148115140834954076E+03    0.801955588512318940E+01    0.203469356573511534E+00    0.447924439954940523E+00    0.138723975603237654E+00    0.265336873509012108E+02
    0.149127069411543944E-02    0.147833264442409558E+03    0.130644085024459535E+02    0.192585230322185968E+00    0.348007941705478163E+00    0.824668006824021860E+00    0.714536265000910333E+02
    0.191271378433047808E-02    0.147135475458873913E+03    0.990767624838369088E+01    0.193960722486386544E+00    0.400684922996732640E+00    0.338730676672584163E+00    0.266660270691059722E+02
    0.176247351024393507E-02    0.147099085133244500E+03    0.988134489111040715E+01    0.228738432533892033E+00    0.323132444885200487E+00    0.104311581940116516E+01    0.118195738146903892E+03
    0.174603193664730431E-02    0.146917830087986317E+03    0.165872760732984119E+02    0.195533444634456877E+00    0.386939099989798752E+00    0.276651872609583682E+00    0.604346892547304932E+02
    0.158694313891612811E-02    0.146908902361905547E+03    0.563250114570573857E+01    0.356642048957749924E+00    0.404431567118683499E+00    0.321504075621497909E+00    0.398616054443962824E+02
    0.186501884614885885E-02    0.146385979268692779E+03    0.115771506084627589E+02    0.226980795297550136E+00    0.393985990310804279E+00    0.389910136175407041E+00    0.499736999034438441E+02
    0.346628412540968961E-02    0.144946355259227772E+03    0.123710912261810329E+02    0.208234443000689218E+00    0.452236880418973919E+00   -0.214909835561440138E+00    0.191671264229435643E+02
    0.400771212939045936E-02    0.144456080510732079E+03    0.102832906183517458E+02    0.214862839896847485E+00    0.466847996956618772E+00   -0.160872738785906050E+00    0.129273503248926431E+02
    0.631525668577021231E-02    0.143346584781187772E+03    0.987426507212695803E+01    0.299203031898230165E+00    0.343660596986855416E+00    0.867450734829032899E+00    0.715628617141756678E+02
    0.675867789782752786E-02    0.143010866997764111E+03    0.750741447361185443E+01    0.200408287158876347E+00    0.479371494746145599E+00   -0.220554797029198002E+00    0.146109299173994849E+02
    0.651822834507729491E-02    0.142883316359531193E+03    0.108550067159068178E+02    0.258374105684185673E+00    0.435850718209157384E+00   -0.207925998289523115E-01    0.155542623582363220E+02
    0.744760215931124410E-02    0.142416737339582426E+03    0.101263404206549623E+02    0.200763349522126405E+00    0.357252966643789083E+00    0.682430055415408465E+00    0.744345929041823808E+02
    0.958647558779862109E-02    0.141711814960620757E+03    0.108558187087658897E+02    0.218824053257464818E+00    0.341118986478723185E+00    0.837900224622858292E+00    0.850368232522496044E+02
    0.897431983286344458E-02    0.141643787291402788E+03    0.120243068013757508E+02    0.322529133074861862E+00    0.395899372027716634E+00    0.262538683138898221E+00    0.318957500057644410E+02
    0.113045895227264701E-01    0.140982103993700747E+03    0.776413379980472396E+01    0.245409505837100583E+00    0.342565262989021790E+00    0.850403809388356802E+00    0.102276112703824651E+03
    0.116719147714628262E-01    0.140718150566672165E+03    0.111309577154116504E+02    0.288151690670531313E+00    0.347229001144713334E+00    0.709314859973531719E+00    0.883859549366038664E+02
    0.120338858249832373E-01    0.140457068607029044E+03    0.127670303133439837E+02    0.318167770802175121E+00    0.365270631184562877E+00    0.435840447313008417E+00    0.709047306799646151E+02
    0.111347548845903005E-01    0.140412379010313032E+03    0.826339668152365903E+01    0.231059913096483605E+00    0.331635480854950704E+00    0.103977309716341182E+01    0.935815848461654127E+02
    0.100957797702112845E-01    0.140408286601144880E+03    0.919188776985196476E+01    0.215665212545108259E+00    0.332375958955913486E+00    0.996697750045304365E+00    0.100579213844052077E+03
    0.102188757720676274E-01    0.140184048433146103E+03    0.115339375979146741E+02    0.298462793363466983E+00    0.355631851843954405E+00    0.592311319754489807E+00    0.872224694547804802E+02
    0.105597756116536899E-01    0.139918417526817677E+03    0.108562253023465018E+02    0.261374822476656110E+00    0.445541986102834242E+00   -0.144154252628390545E+00    0.194585738240141026E+02
    0.967546455985717792E-02    0.139893335076557918E+03    0.100426263308812302E+02    0.237186858425045333E+00    0.339622772745318990E+00    0.890947511677113502E+00    0.842448143498329216E+02
    0.945268877376771906E-02    0.139739923130408840E+03    0.990494225380055404E+01    0.249929844206992602E+00    0.370344892847502716E+00    0.535899768571046264E+00    0.889814553278966969E+02
    0.115931199205970004E-01    0.139131697961410595E+03    0.120843449050467697E+02    0.251170361936591757E+00    0.381344919913024771E+00    0.352472628087788231E+00    0.584453408492717656E+02
    0.110724256743025898E-01    0.139023605896822517E+03    0.999173339658580950E+01    0.298426971179456546E+00    0.402048050473852447E+00    0.277445243625582982E+00    0.302167294568832290E+02
    0.109002070598350816E-01    0.138854958014389894E+03    0.807453951968184747E+01    0.250415530759372063E+00    0.366970437227608026E+00    0.675706624110111953E+00    0.615210152970222097E+02
    0.104915709456393311E-01    0.138731377249746572E+03    0.808593625575807629E+01    0.332371979978743237E+00    0.371943424634575526E+00    0.498275930495603481E+00    0.847005503899327437E+02
    0.109988413690556338E-01    0.138436941710799687E+03    0.103999599159827518E+02    0.276400269660317444E+00    0.378597757208454400E+00    0.485616628102152059E+00    0.515335355460560933E+02
    0.151530187628898163E-01    0.137596122044364222E+03    0.108583771969354892E+02    0.257430650375221837E+00    0.376914419267244893E+00    0.463453739436802348E+00    0.461167726261920876E+02
    0.149811227615507820E-01    0.137418939733160045E+03    0.751000436516052616E+01    0.416020240581179257E+00    0.352556008189550962E+00    0.690319954845498129E+00    0.740582404154329765E+02
    0.188978301488937038E-01    0.136754427368053655E+03    0.911581483086059308E+01    0.280144855382467028E+00    0.366719708836145908E+00    0.573794170222252098E+00    0.833042560219053030E+02
    0.176461768833260715E-01    0.136691483279650328E+03    0.760555462342177080E+01    0.359562169728878001E+00    0.342053958036341421E+00    0.802771877206241435E+00    0.960419582039382078E+02
    0.176846856879432877E-01    0.136487123485740540E+03    0.787179009824436626E+01    0.361916161248507562E+00    0.339232336376685317E+00    0.823769383521112952E+00    0.726725215342688955E+02
    0.184555170556531672E-01    0.136201794878742675E+03    0.668162182626014012E+01    0.409269598804922641E+00    0.355111969957324691E+00    0.734849747528765196E+00    0.523137037280697399E+02
    0.214670051668863458E-01    0.135699487359206216E+03    0.853097265418622186E+01    0.321343599637670396E+00    0.355617766031760096E+00    0.628514064525011462E+00    0.920056303624300824E+02
    0.201972412608476953E-01    0.135621429537458937E+03    0.989813068823700348E+01    0.299524863612560532E+00    0.358279253940439690E+00    0.648983008290010432E+00    0.707453464940932975E+02
    0.186331319438427026E-01    0.135582639018305940E+03    0.965610091587036834E+01    0.277565920153269086E+00    0.363343040157132813E+00    0.624766292832920289E+00    0.630537606533118193E+02
    0.181261286251718709E-01    0.135437812649575307E+03    0.806022150150090155E+01    0.319536284019658556E+00    0.363931237793086171E+00    0.661531943374775833E+00    0.467658498357106609E+02
    0.164436514710072750E-01    0.135432642637314444E+03    0.950984569935331336E+01    0.335688088777706617E+00    0.353785780191116672E+00    0.619276507437571011E+00    0.796803198538846971E+02
    0.180327953253034794E-01    0.135048137459824318E+03    0.100346000854597328E+02    0.320189627648658881E+00    0.368164540914761307E+00    0.536018314368353233E+00    0.372681875103904190E+02
    0.173032947362300286E-01    0.134930727724025729E+03    0.818636702624545620E+01    0.299088578680086703E+00    0.349638316783134062E+00    0.766940798850664018E+00    0.611260680180325195E+02
    0.187768800917619619E-01    0.134567268923769575E+03    0.800095128317471627E+01    0.298793152366088610E+00    0.368561908731063981E+00    0.576416747651250727E+00    0.606733947709055599E+02
    0.170281401894853100E-01    0.134562787023504939E+03    0.848156899660763841E+01    0.354532621285095884E+00    0.376767319214390661E+00    0.472743129037603627E+00    0.235364597520940464E+02
    0.170856510464357826E-01    0.134356043602811894E+03    0.790177380367213278E+01    0.323065410019804489E+00    0.370778589101121048E+00    0.583411201111370237E+00    0.496866752463129231E+02
    0.159202757332755351E-01    0.134297334584738280E+03    0.953959240861850688E+01    0.353389555421348922E+00    0.365053910428332296E+00    0.571659788936497826E+00    0.434999336286247456E+02
    0.144226125079953381E-01    0.134294927009159807E+03    0.692959481780540809E+01    0.387826728206345894E+00    0.348588904343197614E+00    0.725551486345290653E+00    0.827585252100285231E+02
    0.135381870113280411E-01    0.134221492865532184E+03    0.795894796395119997E+01    0.310811834466219850E+00    0.374766425800742098E+00    0.501657210111694285E+00    0.579247253109962301E+02
    0.133880039563501804E-01    0.134043803427402139E+03    0.683160797807818199E+01    0.402375860080000591E+00    0.350501189812759406E+00    0.663303588454871473E+00    0.717339030099531385E+02
    0.138360948100941412E-01    0.133777960098185019E+03    0.849212340186477377E+01    0.328845454209248822E+00    0.359338764236304897E+00    0.652553570180159470E+00    0.702713194313861607E+02
    0.131679417918937596E-01    0.133676951138122007E+03    0.667115759730162683E+01    0.374773347703377557E+00    0.351149696573645698E+00    0.753135043788564662E+00    0.624133517019584403E+02
    0.146784846610891872E-01    0.133259755998855752E+03    0.799494494001069089E+01    0.321399564720044995E+00    0.367093697068498037E+00    0.544274220235248185E+00    0.593591183597320509E+02
    0.156224984245931717E-01    0.132935097421171662E+03    0.104711419290866434E+02    0.348983201629662676E+00    0.373584277441312507E+00    0.410383728673467341E+00    0.561943896832153200E+02
    0.147963866073733859E-01    0.132843755579508297E+03    0.914001047797770028E+01    0.354382002525159612E+00    0.367661746117660670E+00    0.512360870854169925E+00    0.641552981929912676E+02
    0.136290392117412035E-01    0.132808116080084432E+03    0.900618635807457935E+01    0.328512437341301533E+00    0.372787777413812027E+00    0.498492350319089339E+00    0.370459562175712875E+02
    0.130026820081968631E-01    0.132702210296118039E+03    0.866345726991788645E+01    0.329256225187444296E+00    0.379612982286080036E+00    0.445958778870758965E+00    0.484507855539661989E+02
    0.117704621187140306E-01    0.132701335219281447E+03    0.805764229177073688E+01    0.388532603283116063E+00    0.365563678033748396E+00    0.574915472252559345E+00    0.527854778953137398E+02
    0.116815042350787192E-01    0.132516508072414297E+03    0.781838285424889001E+01    0.360916562244557537E+00    0.354270604672809353E+00    0.641104250125299591E+00    0.749351850939766280E+02
    0.105822210819412482E-01    0.132514170912073439E+03    0.977456313429087409E+01    0.325133313920937528E+00    0.374062594775487478E+00    0.437450519748909472E+00    0.585097708214290577E+02
    0.973607146994163487E-02    0.132480846192230842E+03    0.713413133798100674E+01    0.366028785310559546E+00    0.351765989992274319E+00    0.728357390046064257E+00    0.552827004547948349E+02
    0.920238601258159192E-02    0.132393595985882598E+03    0.712742639900517894E+01    0.389050944519868547E+00    0.351407833210567344E+00    0.730650968388183553E+00    0.561332428963750019E+02
    0.956415895406414161E-02    0.132116476246133260E+03    0.802383262447533241E+01    0.391183479084511454E+00    0.353681592541585432E+00    0.609954804697830810E+00    0.554382628774654052E+02
    0.100789641444486312E-01    0.131811620597299225E+03    0.742642416306174979E+01    0.372494244895699100E+00    0.357453743447288419E+00    0.674725091881199224E+00    0.498712368430387372E+02
    0.948655768594132073E-02    0.131732769952831291E+03    0.827847115895932184E+01    0.361156909707476603E+00    0.355468093511922212E+00    0.632150820545177683E+00    0.490867325439107987E+02
    0.881861276702389577E-02    0.131678792435133232E+03    0.828720618625690975E+01    0.414721451810896202E+00    0.356605520028918155E+00    0.548719398448430207E+00    0.550964632218170181E+02
    0.103162091669388566E-01    0.131165088857556157E+03    0.960878962429951144E+01    0.375141502078656319E+00    0.378736371138275074E+00    0.394682234730644510E+00    0.386016983022881917E+02
    0.975938002279666712E-02    0.131076063832823621E+03    0.860649902240535702E+01    0.380944505389227528E+00    0.366704203625711600E+00    0.544613586232381874E+00    0.424958096594226831E+02
    0.893548729450568784E-02    0.131052460215446018E+03    0.705796184307811014E+01    0.429928606089899745E+00    0.354910953882559832E+00    0.594888353998537012E+00    0.612357172064833009E+02
    0.845519279815980934E-02    0.130962960015233477E+03    0.884054545942746373E+01    0.402464479733751879E+00    0.367523934685116460E+00    0.401868413205153541E+00    0.509610223851921802E+02
    0.102118830044752567E-01    0.130582085276917212E+03    0.923406929373074448E+01    0.345029207272239624E+00    0.370572194514061481E+00    0.453596842873012052E+00    0.520122281598571377E+02
    0.351324421432286926E-01    0.128110939399852015E+03    0.933609117761480078E+01    0.390560946923369290E+00    0.374024784855329639E+00    0.384317775660719230E+00    0.434713572573884903E+02
    0.884074315201926857E-02    0.130870447482029078E+03    0.793106761995186638E+01    0.371257552112852718E+00    0.356985646458400196E+00    0.644109947754034518E+00    0.484378917803472788E+02
    0.182894509213893663E-01    0.129416540479698881E+03    0.896889062490975775E+01    0.411048738324169327E+00    0.365540247695221365E+00    0.462507506848590988E+00    0.523984038703103039E+02
    0.122561696802073843E-01    0.130217130447068683E+03    0.945988086960602459E+01    0.377388069268437265E+00    0.366088302433235646E+00    0.487853607170651238E+00    0.437763901284374697E+02
    0.185285788574716531E-01    0.129390560675782439E+03    0.743095252030530418E+01    0.395507184325491201E+00    0.361153735886082128E+00    0.555509260645893121E+00    0.554722748657537323E+02
    0.861086313173200710E-02    0.130923140240196119E+03    0.101045850937068380E+02    0.402294599601003333E+00    0.387350414543496280E+00    0.270197513882045159E+00    0.342264578253395442E+02
    0.243277937268027468E-01    0.128845950419202268E+03    0.849646193611648748E+01    0.372840856831186063E+00    0.369536012797860802E+00    0.461188316376584251E+00    0.491829195001885680E+02
    0.106160297809362175E-01    0.130504459157574615E+03    0.695770963520930419E+01    0.421221156230001947E+00    0.354882899611148106E+00    0.662811410250506827E+00    0.515215475047221574E+02
    0.606431303071317332E-01    0.127019176639879134E+03    0.781252029152130500E+01    0.412864917508770857E+00    0.369635160342321134E+00    0.440883197190758302E+00    0.474603772991356436E+02
