    0.140317429544908645E+02    0.160126798197345321E+00    0.401599495742112456E+00    0.347795997711682681E+00    0.300619534007417144E+02   -0.769285782628915484E+02
    0.115771506084627589E+02    0.226980795297550136E+00    0.393985990310804279E+00    0.389910136175407041E+00    0.499736999034438441E+02   -0.731929896343463895E+02
    0.750741447361185443E+01    0.200408287158876347E+00    0.479371494746145599E+00   -0.220554797029198002E+00    0.146109299173994849E+02   -0.715054334988820557E+02
    0.108550067159068178E+02    0.258374105684185673E+00    0.435850718209157384E+00   -0.207925998289523115E-01    0.155542623582363220E+02   -0.714416581797655965E+02
    0.101263404206549623E+02    0.200763349522126405E+00    0.357252966643789083E+00    0.682430055415408465E+00    0.744345929041823808E+02   -0.712083686697912128E+02
    0.120243068013757508E+02    0.322529133074861862E+00    0.395899372027716634E+00    0.262538683138898221E+00    0.318957500057644410E+02   -0.708218936457013939E+02
    0.776413379980472396E+01    0.245409505837100583E+00    0.342565262989021790E+00    0.850403809388356802E+00    0.102276112703824651E+03   -0.704910519968503735E+02
    0.111309577154116504E+02    0.288151690670531313E+00    0.347229001144713334E+00    0.709314859973531719E+00    0.883859549366038664E+02   -0.703590752833360824E+02
    0.127670303133439837E+02    0.318167770802175121E+00    0.365270631184562877E+00    0.435840447313008417E+00    0.709047306799646151E+02   -0.702285343035145218E+02
    0.826339668152365903E+01    0.231059913096483605E+00    0.331635480854950704E+00    0.103977309716341182E+01    0.935815848461654127E+02   -0.702061895051565159E+02
    0.919188776985196476E+01    0.215665212545108259E+00    0.332375958955913486E+00    0.996697750045304365E+00    0.100579213844052077E+03   -0.702041433005724400E+02
    0.100426263308812302E+02    0.237186858425045333E+00    0.339622772745318990E+00    0.890947511677113502E+00    0.842448143498329216E+02   -0.699466675382789589E+02
    0.990494225380055404E+01    0.249929844206992602E+00    0.370344892847502716E+00    0.535899768571046264E+00    0.889814553278966969E+02   -0.698699615652044201E+02
    0.807453951968184747E+01    0.250415530759372063E+00    0.366970437227608026E+00    0.675706624110111953E+00    0.615210152970222097E+02   -0.694274790071949468E+02
    0.808593625575807629E+01    0.332371979978743237E+00    0.371943424634575526E+00    0.498275930495603481E+00    0.847005503899327437E+02   -0.693656886248732860E+02
    0.108583771969354892E+02    0.257430650375221837E+00    0.376914419267244893E+00    0.463453739436802348E+00    0.461167726261920876E+02   -0.687980610221821109E+02
    0.751000436516052616E+01    0.416020240581179257E+00    0.352556008189550962E+00    0.690319954845498129E+00    0.740582404154329765E+02   -0.687094698665800223E+02
    0.911581483086059308E+01    0.280144855382467028E+00    0.366719708836145908E+00    0.573794170222252098E+00    0.833042560219053030E+02   -0.683772136840268274E+02
    0.911581483086059308E+01    0.280144855382467028E+00    0.366719708836145908E+00    0.573794170222252098E+00    0.833042560219053030E+02   -0.683772136840268274E+02
    0.760555462342177080E+01    0.359562169728878001E+00    0.342053958036341421E+00    0.802771877206241435E+00    0.960419582039382078E+02   -0.683457416398251638E+02
    0.787179009824436626E+01    0.361916161248507562E+00    0.339232336376685317E+00    0.823769383521112952E+00    0.726725215342688955E+02   -0.682435617428702699E+02
    0.668162182626014012E+01    0.409269598804922641E+00    0.355111969957324691E+00    0.734849747528765196E+00    0.523137037280697399E+02   -0.681008974393713373E+02
    0.853097265418622186E+01    0.321343599637670396E+00    0.355617766031760096E+00    0.628514064525011462E+00    0.920056303624300824E+02   -0.678497436796031081E+02
    0.989813068823700348E+01    0.299524863612560532E+00    0.358279253940439690E+00    0.648983008290010432E+00    0.707453464940932975E+02   -0.678107147687294685E+02
    0.965610091587036834E+01    0.277565920153269086E+00    0.363343040157132813E+00    0.624766292832920289E+00    0.630537606533118193E+02   -0.677913195091529701E+02
    0.806022150150090155E+01    0.319536284019658556E+00    0.363931237793086171E+00    0.661531943374775833E+00    0.467658498357106609E+02   -0.677189063247876533E+02
    0.806022150150090155E+01    0.319536284019658556E+00    0.363931237793086171E+00    0.661531943374775833E+00    0.467658498357106609E+02   -0.677189063247876533E+02
    0.950984569935331336E+01    0.335688088777706617E+00    0.353785780191116672E+00    0.619276507437571011E+00    0.796803198538846971E+02   -0.677163213186572222E+02
    0.100346000854597328E+02    0.320189627648658881E+00    0.368164540914761307E+00    0.536018314368353233E+00    0.372681875103904190E+02   -0.675240687299121589E+02
    0.818636702624545620E+01    0.299088578680086703E+00    0.349638316783134062E+00    0.766940798850664018E+00    0.611260680180325195E+02   -0.674653638620128646E+02
    0.818636702624545620E+01    0.299088578680086703E+00    0.349638316783134062E+00    0.766940798850664018E+00    0.611260680180325195E+02   -0.674653638620128646E+02
    0.800095128317471627E+01    0.298793152366088610E+00    0.368561908731063981E+00    0.576416747651250727E+00    0.606733947709055599E+02   -0.672836344618847875E+02
    0.800095128317471627E+01    0.298793152366088610E+00    0.368561908731063981E+00    0.576416747651250727E+00    0.606733947709055599E+02   -0.672836344618847875E+02
    0.848156899660763841E+01    0.354532621285095884E+00    0.376767319214390661E+00    0.472743129037603627E+00    0.235364597520940464E+02   -0.672813935117524693E+02
    0.790177380367213278E+01    0.323065410019804489E+00    0.370778589101121048E+00    0.583411201111370237E+00    0.496866752463129231E+02   -0.671780218014059471E+02
    0.953959240861850688E+01    0.353389555421348922E+00    0.365053910428332296E+00    0.571659788936497826E+00    0.434999336286247456E+02   -0.671486672923691401E+02
    0.953959240861850688E+01    0.353389555421348922E+00    0.365053910428332296E+00    0.571659788936497826E+00    0.434999336286247456E+02   -0.671486672923691401E+02
    0.692959481780540809E+01    0.387826728206345894E+00    0.348588904343197614E+00    0.725551486345290653E+00    0.827585252100285231E+02   -0.671474635045799033E+02
    0.795894796395119997E+01    0.310811834466219850E+00    0.374766425800742098E+00    0.501657210111694285E+00    0.579247253109962301E+02   -0.671107464327660921E+02
    0.683160797807818199E+01    0.402375860080000591E+00    0.350501189812759406E+00    0.663303588454871473E+00    0.717339030099531385E+02   -0.670219017137010695E+02
    0.849212340186477377E+01    0.328845454209248822E+00    0.359338764236304897E+00    0.652553570180159470E+00    0.702713194313861607E+02   -0.668889800490925097E+02
    0.667115759730162683E+01    0.374773347703377557E+00    0.351149696573645698E+00    0.753135043788564662E+00    0.624133517019584403E+02   -0.668384755690610035E+02
    0.799494494001069089E+01    0.321399564720044995E+00    0.367093697068498037E+00    0.544274220235248185E+00    0.593591183597320509E+02   -0.666298779994278760E+02
    0.104711419290866434E+02    0.348983201629662676E+00    0.373584277441312507E+00    0.410383728673467341E+00    0.561943896832153200E+02   -0.664675487105858309E+02
    0.914001047797770028E+01    0.354382002525159612E+00    0.367661746117660670E+00    0.512360870854169925E+00    0.641552981929912676E+02   -0.664218777897541486E+02
    0.900618635807457935E+01    0.328512437341301533E+00    0.372787777413812027E+00    0.498492350319089339E+00    0.370459562175712875E+02   -0.664040580400422158E+02
    0.866345726991788645E+01    0.329256225187444296E+00    0.379612982286080036E+00    0.445958778870758965E+00    0.484507855539661989E+02   -0.663511051480590197E+02
    0.805764229177073688E+01    0.388532603283116063E+00    0.365563678033748396E+00    0.574915472252559345E+00    0.527854778953137398E+02   -0.663506676096407233E+02
    0.781838285424889001E+01    0.360916562244557537E+00    0.354270604672809353E+00    0.641104250125299591E+00    0.749351850939766280E+02   -0.662582540362071484E+02
    0.977456313429087409E+01    0.325133313920937528E+00    0.374062594775487478E+00    0.437450519748909472E+00    0.585097708214290577E+02   -0.662570854560367195E+02
    0.802383262447533241E+01    0.391183479084511454E+00    0.353681592541585432E+00    0.609954804697830810E+00    0.554382628774654052E+02   -0.660582381230666300E+02
    0.860649902240535702E+01    0.380944505389227528E+00    0.366704203625711600E+00    0.544613586232381874E+00    0.424958096594226831E+02   -0.655380319164118106E+02
    0.705796184307811014E+01    0.429928606089899745E+00    0.354910953882559832E+00    0.594888353998537012E+00    0.612357172064833009E+02   -0.655262301077230092E+02
    0.884054545942746373E+01    0.402464479733751879E+00    0.367523934685116460E+00    0.401868413205153541E+00    0.509610223851921802E+02   -0.654814800076167387E+02
    0.923406929373074448E+01    0.345029207272239624E+00    0.370572194514061481E+00    0.453596842873012052E+00    0.520122281598571377E+02   -0.652910426384586060E+02
    0.933609117761480078E+01    0.390560946923369290E+00    0.374024784855329639E+00    0.384317775660719230E+00    0.434713572573884903E+02   -0.640554696999260074E+02
    0.933609117761480078E+01    0.390560946923369290E+00    0.374024784855329639E+00    0.384317775660719230E+00    0.434713572573884903E+02   -0.640554696999260074E+02
    0.933609117761480078E+01    0.390560946923369290E+00    0.374024784855329639E+00    0.384317775660719230E+00    0.434713572573884903E+02   -0.640554696999260074E+02
    0.793106761995186638E+01    0.371257552112852718E+00    0.356985646458400196E+00    0.644109947754034518E+00    0.484378917803472788E+02   -0.654352237410145392E+02
    0.896889062490975775E+01    0.411048738324169327E+00    0.365540247695221365E+00    0.462507506848590988E+00    0.523984038703103039E+02   -0.647082702398494405E+02
    0.896889062490975775E+01    0.411048738324169327E+00    0.365540247695221365E+00    0.462507506848590988E+00    0.523984038703103039E+02   -0.647082702398494405E+02
    0.945988086960602459E+01    0.377388069268437265E+00    0.366088302433235646E+00    0.487853607170651238E+00    0.437763901284374697E+02   -0.651085652235343417E+02
    0.743095252030530418E+01    0.395507184325491201E+00    0.361153735886082128E+00    0.555509260645893121E+00    0.554722748657537323E+02   -0.646952803378912193E+02
    0.743095252030530418E+01    0.395507184325491201E+00    0.361153735886082128E+00    0.555509260645893121E+00    0.554722748657537323E+02   -0.646952803378912193E+02
    0.101045850937068380E+02    0.402294599601003333E+00    0.387350414543496280E+00    0.270197513882045159E+00    0.342264578253395442E+02   -0.654615701200980595E+02
    0.849646193611648748E+01    0.372840856831186063E+00    0.369536012797860802E+00    0.461188316376584251E+00    0.491829195001885680E+02   -0.644229752096011339E+02
    0.849646193611648748E+01    0.372840856831186063E+00    0.369536012797860802E+00    0.461188316376584251E+00    0.491829195001885680E+02   -0.644229752096011339E+02
    0.695770963520930419E+01    0.421221156230001947E+00    0.354882899611148106E+00    0.662811410250506827E+00    0.515215475047221574E+02   -0.652522295787873077E+02
    0.781252029152130500E+01    0.412864917508770857E+00    0.369635160342321134E+00    0.440883197190758302E+00    0.474603772991356436E+02   -0.635095883199395672E+02
    0.781252029152130500E+01    0.412864917508770857E+00    0.369635160342321134E+00    0.440883197190758302E+00    0.474603772991356436E+02   -0.635095883199395672E+02
    0.781252029152130500E+01    0.412864917508770857E+00    0.369635160342321134E+00    0.440883197190758302E+00    0.474603772991356436E+02   -0.635095883199395672E+02
    0.781252029152130500E+01    0.412864917508770857E+00    0.369635160342321134E+00    0.440883197190758302E+00    0.474603772991356436E+02   -0.635095883199395672E+02
