    0.403055167911719712E-60    0.432746469742510953E+03    0.524685944331166922E+02    0.189320111749575387E+00    0.178589372364466786E+00    0.310718582741549065E+01    0.329591072260739566E+03
    0.848339274868512475E-57    0.417242544787731958E+03    0.185753824549560989E+02    0.106040400783329075E+00    0.602294761851521199E+00   -0.178082187217603960E+01    0.235956276253411545E+03
    0.819885329622316664E-55    0.407900436726777286E+03    0.729039918857349889E+01    0.337063265977255944E+00    0.243838139866446230E+00    0.203769843482011748E+01    0.746552987561464874E+03
    0.308633683093804931E-51    0.391233774795854060E+03    0.244169045223098884E+02    0.200746711708669118E+00    0.326481371291734157E+00    0.707495388924693214E+00    0.966872421702696897E+03
    0.211867954994398400E-39    0.336524116274442804E+03    0.773234585543876278E+02    0.153962658489569137E+00    0.407387339322162811E+00   -0.177822838326584187E+00    0.702552178020936367E+03
    0.739785437983907628E-38    0.329218152151121558E+03    0.483204590903470219E+02    0.149936140373200522E+00    0.134862389575275993E+00    0.409106679278514296E+01    0.508252190813380821E+03
    0.906183890823860139E-35    0.314796877473223219E+03    0.374780525512020404E+02    0.132113299137633117E+00    0.289879814055604645E+00    0.193173738513050974E+01    0.655691375306523128E+03
    0.903145177616427552E-32    0.300788084800064837E+03    0.617585865925957904E+02    0.218848462349505696E+00    0.937581757641196695E-01    0.459857251189443872E+01    0.321115240821508280E+03
    0.519246428107177364E-26    0.274064073142660902E+03    0.327085883752749496E+02    0.118073605673070847E+00    0.207459440318078281E+00    0.332048687771782625E+01    0.142032856772805189E+03
    0.715785799263915797E-24    0.264011728019930956E+03    0.111754109476058883E+02    0.217634195850872181E+00    0.211740982092873842E+00    0.265775180238549291E+01    0.299676111253408749E+03
    0.276762620062525538E-22    0.256501829223285938E+03    0.394263445245061703E+02    0.155846677776535464E+00    0.232672387255838359E+00    0.248870644518392670E+01    0.649259091699379383E+02
    0.290091828945655129E-21    0.251602584331505653E+03    0.380865462621213879E+02    0.237492929810417336E+00    0.142728755093529225E+00    0.386737682593982957E+01    0.412873872569470109E+03
    0.445904723840280918E-21    0.250542768769247601E+03    0.361301043681110059E+02    0.177078730016483915E+00    0.339842986186211282E+00    0.129313370665091787E+01    0.183532787257313174E+03
    0.689504285916079819E-21    0.249471033553911241E+03    0.221905018343129825E+02    0.120792809824769753E+00    0.190474494418927748E+00    0.329161154633888309E+01    0.167094530438570843E+03
    0.502373490896286060E-20    0.245299121496652788E+03    0.413035009234319830E+02    0.115602540267795817E+00    0.220670058292613130E+00    0.263820189960461571E+01    0.702638421829969161E+03
    0.305583808012560387E-19    0.241488190865043862E+03    0.337485812708183630E+02    0.166725943246458869E+00    0.154025163724473141E+00    0.367148516792212165E+01    0.638379776333165523E+03
    0.167902844206377312E-18    0.237880697814682577E+03    0.710180762187124941E+02    0.128234083571493074E+00    0.350050642390018818E+00    0.842405991623637496E+00    0.280479123288847575E+03
    0.572392995891488840E-17    0.230622647013901997E+03    0.271059979544602214E+02    0.168218657602826754E+00    0.265465979803249430E+00    0.197093524568001022E+01    0.252617484208019619E+03
    0.484915848167844090E-16    0.226149177716451135E+03    0.105858291155326345E+02    0.155361750906703650E+00    0.143682467498878613E+00    0.375711882778345885E+01    0.613943714592921310E+03
    0.199381623078531607E-15    0.223121516879984540E+03    0.172374995228608476E+02    0.221910616234490821E+00    0.161415883862275678E+00    0.357685052030384076E+01    0.904853060286759955E+03
    0.159647509174276784E-14    0.218760851443877726E+03    0.285071005711907937E+02    0.192523811273346779E+00    0.308163957546944201E+00    0.144996438520029747E+01    0.272149923677138418E+03
    0.157711939712141893E-14    0.218585247673061502E+03    0.875816030751796504E+01    0.182982803071668337E+00    0.191269091635463184E+00    0.304190427118093298E+01    0.621784278068714684E+03
    0.569226120509530010E-13    0.211213062382338563E+03    0.208460937064152674E+02    0.121644206106323732E+00    0.417120702796660969E+00    0.467796387526784652E+00    0.325931534470943518E+01
    0.645919475201290028E-13    0.210760268203144875E+03    0.626824312278880882E+02    0.244962291545167021E+00    0.409826055771776276E+00   -0.453136637269499210E+00    0.217963746516848175E+03
    0.891530763631931060E-13    0.209915738003533789E+03    0.793181218947630029E+01    0.129715366726498527E+00    0.176403984265831509E+00    0.333527254296785935E+01    0.442113583830301820E+03
    0.391014833484670712E-12    0.206758956713266912E+03    0.374116206649017258E+02    0.117102376902745525E+00    0.346005392758683583E+00    0.801231113932397432E+00    0.485865754575652886E+01
    0.241756281780391486E-11    0.202915417283192966E+03    0.711525177553484234E+01    0.132413966614803008E+00    0.228631552740349603E+00    0.254656171424165079E+01    0.112260672882161543E+03
    0.906586083354675964E-11    0.200071905544374118E+03    0.282115881782447637E+02    0.130876637197384071E+00    0.575044148201714678E+00   -0.149924851439522477E+01    0.129935749134842240E+03
    0.205423945315013870E-10    0.198235955595137654E+03    0.788179377435391046E+02    0.121265397700267674E+00    0.386506508183431075E+00    0.124940586031986850E+00    0.234273739910780648E+03
    0.157801790204921511E-09    0.193958257642198475E+03    0.276642014605789051E+02    0.165608564914310918E+00    0.487059402460706670E+00   -0.369314504355176432E+00    0.356822191396006971E+02
    0.243408891371247522E-08    0.188286281542928208E+03    0.295283386136401944E+02    0.117701074190614680E+00    0.469192404294268728E+00   -0.579940844009902090E+00    0.102907572372709581E+03
    0.226677475828854235E-08    0.188228710570757414E+03    0.535777397346091178E+02    0.181725659414155083E+00    0.442069474919468630E+00   -0.383528920719078736E+00    0.797861264849954637E+02
    0.450727176093577771E-08    0.186654042511644576E+03    0.178556622061987973E+02    0.106283964097629927E+00    0.462416385940345176E+00    0.137107843365930609E-01    0.491434359216596306E+01
    0.507147793852509051E-08    0.186218162027000318E+03    0.358244999051753794E+02    0.150163108676667573E+00    0.517533474545304184E+00   -0.883817292789871312E+00    0.275689624210083366E+02
    0.537864871651361727E-08    0.185900552241088832E+03    0.366083001584314189E+02    0.145863345739239342E+00    0.386667735521941780E+00    0.243799059345241903E+00    0.443027687722433683E+02
    0.595141066753998772E-08    0.185498170033595045E+03    0.236968100102086368E+02    0.161817273627613528E+00    0.428989861750801393E+00   -0.157659484916789466E+00    0.548693241384068244E+02
    0.192360648003458394E-07    0.182951852806248894E+03    0.781659335805319877E+01    0.119956286881127763E+00    0.269818920442124299E+00    0.202656172774862053E+01    0.282332140410810382E+03
    0.256103478289445955E-07    0.182179433626707834E+03    0.204277294576917328E+02    0.107625193875368910E+00    0.327399166822000154E+00    0.116653558639530264E+01    0.262754622406529791E+03
    0.493536655405078459E-07    0.180667402511422694E+03    0.352393916996071468E+02    0.117892199227957656E+00    0.365355680791527804E+00    0.487104433270410531E+00    0.178908550863664857E+03
    0.293620798652069085E-06    0.176900848321817932E+03    0.257287814537471924E+02    0.166616739434930272E+00    0.386492971010231501E+00    0.208267123892494299E+00    0.377373151586872098E+03
    0.500048239628524015E-06    0.175636017444420958E+03    0.381387681681630184E+02    0.151516981162812564E+00    0.498673208359002307E+00   -0.911851453198617268E+00    0.987493664795747748E+02
    0.941068786818823295E-06    0.174171394117241931E+03    0.199161951489161204E+02    0.127488195681850491E+00    0.348432960293059368E+00    0.846135300197153883E+00    0.147087743928338881E+03
    0.128834600350388436E-05    0.173343197576774145E+03    0.294497473384613357E+02    0.133576323829596222E+00    0.375371237595239660E+00    0.362762113672512265E+00    0.375758918021625391E+03
    0.133361744895861769E-05    0.173074125759565533E+03    0.379014573851672907E+02    0.176373446684875562E+00    0.424414847173937959E+00   -0.282272305045749905E+00    0.176192007977536207E+03
    0.128954828432414672E-05    0.172941332052787203E+03    0.296079886050356968E+02    0.174809707907891215E+00    0.388045352860300619E+00    0.228349401233411409E+00    0.124568747218803935E+03
    0.251945948753013619E-05    0.171401827253623679E+03    0.790746482502683357E+01    0.138203253059696995E+00    0.314064756352898933E+00    0.146169948222916624E+01    0.594446773761842451E+02
    0.252417775315317955E-05    0.171198085297749941E+03    0.125953579444899439E+02    0.164888868631232560E+00    0.361988407914714705E+00    0.698620194613706280E+00    0.164138432998257031E+03
    0.271018568749223686E-05    0.170855881728679321E+03    0.170938390391635906E+02    0.179764131794403953E+00    0.473505946498964936E+00   -0.303241079233029787E+00    0.183996326660510960E+03
    0.574933479706219178E-05    0.169151747711208486E+03    0.168005655859398964E+02    0.143816226366569100E+00    0.358457113668138094E+00    0.815030236334696845E+00    0.523696770890464222E+03
    0.823965456525131754E-05    0.168231999189807823E+03    0.104825095334789715E+02    0.127566339433208442E+00    0.406189198853660560E+00    0.632026288223974775E+00    0.706027709182686891E+02
    0.844212453563075133E-05    0.167983448034182970E+03    0.164832310979416548E+02    0.111817587183528425E+00    0.425124013383803012E+00    0.269442293668369470E+00    0.226170262198139028E+03
    0.873823049234798962E-05    0.167714500615828030E+03    0.215060687851828618E+02    0.131407042718632100E+00    0.581593054087549577E+00   -0.110425831263188923E+01    0.522824946784322577E+02
    0.227827955588686263E-04    0.165597904691768179E+03    0.223608764382344418E+02    0.214806040571845769E+00    0.512185657894043245E+00   -0.813027680398388353E+00    0.912974484352557738E+02
    0.274557063498748517E-04    0.165024767976608473E+03    0.148498514646632565E+02    0.205368949818885399E+00    0.327196857909911709E+00    0.105910356250503468E+01    0.231301311052654626E+03
    0.320609885699436189E-04    0.164514636069105222E+03    0.123065972118335836E+02    0.163400299536566734E+00    0.395852334251379057E+00    0.433701268827890840E+00    0.203172372221390390E+03
    0.656296929225960154E-04    0.162881859573394621E+03    0.929675249931257497E+01    0.201242723299789428E+00    0.321700635567363225E+00    0.119725516410107780E+01    0.815840480976175542E+02
    0.686273868059274222E-04    0.162592532673229272E+03    0.184283013760972167E+02    0.144508946678050920E+00    0.498942087844044535E+00   -0.528501096719314889E+00    0.108604645603909361E+03
    0.688315008625299638E-04    0.162386593029454019E+03    0.128674998148848942E+02    0.148948333870489391E+00    0.355147107874074941E+00    0.925389272174487187E+00    0.468657739339702061E+03
    0.656070881452515658E-04    0.162282548550292205E+03    0.143805780483153356E+02    0.288408306499438494E+00    0.403823244620813981E+00    0.922111087601133889E-01    0.184090941772234913E+03
    0.703855440608759387E-04    0.161941940228438568E+03    0.161674404854420395E+02    0.195429140844403992E+00    0.533638582785566640E+00   -0.881756482337209491E+00    0.100178496655135135E+03
    0.652619559638533764E-04    0.161893097507347193E+03    0.103484060596241818E+02    0.184898310880730776E+00    0.311486020910033690E+00    0.141720842196467789E+01    0.471660614012452072E+03
    0.606986509728149127E-04    0.161838073085871684E+03    0.193783054501606635E+02    0.239905085392547041E+00    0.364919008691510116E+00    0.491133332005356249E+00    0.397069887899111620E+03
    0.550583609576579287E-04    0.161833128570555459E+03    0.810430997228230154E+01    0.130798476006136061E+00    0.376951761417510467E+00    0.836306678810957549E+00    0.216016043406813594E+03
    0.571126066331634595E-04    0.161559866284587713E+03    0.171935001300834003E+02    0.203654877795697326E+00    0.339202937273355265E+00    0.887959270894858932E+00    0.388178036512255517E+03
    0.854893827525618982E-04    0.160553131652708828E+03    0.201109171236028992E+02    0.258202716205312710E+00    0.480571682155003177E+00   -0.568166064127440640E+00    0.696995914411797912E+02
    0.105879433713416683E-03    0.159925313974580376E+03    0.182386038144132776E+02    0.108780273454857482E+00    0.546635570505100366E+00   -0.790324676077043264E+00    0.766850041418958881E+02
    0.984259487121651633E-04    0.159871307081071052E+03    0.180580027489278585E+02    0.139373241580432683E+00    0.521288720044621012E+00   -0.658086022995826858E+00    0.813329897710682133E+02
    0.919137942604997493E-04    0.159808213794777942E+03    0.123809753970218317E+02    0.143692854176663082E+00    0.360051474997358734E+00    0.863430610893170525E+00    0.324870776254339319E+03
    0.147785803252402685E-03    0.158658388132251503E+03    0.158735182953109444E+02    0.204700939467433840E+00    0.458672062404827996E+00   -0.178756222320915870E+00    0.117006094763353019E+03
    0.141779037156561897E-03    0.158541376493917937E+03    0.112610181061310097E+02    0.213815265268630789E+00    0.311424253510104887E+00    0.127205396073075638E+01    0.398115537660593077E+03
    0.315191318546629651E-03    0.156743556402662676E+03    0.108119840016579349E+02    0.221848007381429402E+00    0.316837637261724092E+00    0.128210436735984890E+01    0.461529678058893467E+03
    0.333079169870541746E-03    0.156433155614343491E+03    0.131133647924339662E+02    0.215861172961853892E+00    0.396875985691653610E+00    0.384203133999421131E+00    0.242671378520299243E+03
    0.369703303345780170E-03    0.156024514430289514E+03    0.134792623346370455E+02    0.239297679502870869E+00    0.378821326208561016E+00    0.464424330530728624E+00    0.286313061143373830E+03
    0.487177655902851334E-03    0.155272658326356265E+03    0.946473340931785323E+01    0.106928237988723390E+00    0.519428218744630410E+00   -0.232316110708480905E+00    0.154007420567585811E+02
    0.475940278479301197E-03    0.155119331270546780E+03    0.145327748377287840E+02    0.239757399481213940E+00    0.541311734020069046E+00   -0.797002240687529451E+00    0.312250023976826441E+02
    0.432362832500734248E-03    0.155111385780943863E+03    0.144956577121718269E+02    0.274517565138960362E+00    0.454864897001591162E+00   -0.263116331578964691E+00    0.861275865881970049E+02
    0.404674419442290953E-03    0.155043750350123645E+03    0.712608035152370434E+01    0.231586523910619180E+00    0.355195657176561430E+00    0.908798322771454670E+00    0.312477591298323262E+03
    0.404421075538375816E-03    0.154845002829781578E+03    0.118351075543090651E+02    0.116783311228749909E+00    0.472026980100381244E+00    0.104482914889711363E-01    0.928951670167792258E+02
    0.416062751006755565E-03    0.154588243847204041E+03    0.755066676957753202E+01    0.219874338811732045E+00    0.303935038376012157E+00    0.148065217153754958E+01    0.404307909659755012E+03
    0.435182771004051126E-03    0.154298383820362432E+03    0.153870740403708091E+02    0.284163640594649158E+00    0.390409490497413025E+00    0.253811311092532799E+00    0.196038607495111791E+03
    0.396487156002093351E-03    0.154284628738281725E+03    0.121708923569346510E+02    0.224701256225517565E+00    0.436627371073344817E+00    0.757074241366776229E-01    0.165865524239945444E+03
    0.362253036480908181E-03    0.154265230105616297E+03    0.200443837586661751E+02    0.309380443932569693E+00    0.403323833591194003E+00    0.389543976153849392E-01    0.158795919023502989E+03
    0.357358042210439248E-03    0.154092439635409505E+03    0.956201619506084199E+01    0.221987002176309622E+00    0.313483711296400958E+00    0.130810109959439425E+01    0.369010687228387326E+03
    0.349596864263529211E-03    0.153936354684021012E+03    0.120257445156916241E+02    0.119429692449284072E+00    0.545002436698973192E+00   -0.442633025857266160E+00    0.604150865207937500E+02
    0.418119001107382143E-03    0.153378383865203034E+03    0.939347108716695445E+01    0.182990236103935278E+00    0.448903950501005899E+00    0.127627947476542214E+00    0.186168410118519972E+03
    0.415551981687997771E-03    0.153190700606868830E+03    0.109292518160025764E+02    0.205307609733124979E+00    0.344913336843685303E+00    0.969768407062235882E+00    0.335890947820424913E+03
    0.420141112901127915E-03    0.152968734756616186E+03    0.106457726257394487E+02    0.150572981655463178E+00    0.462633161736743292E+00    0.814736562358523014E-01    0.145722459263356257E+03
    0.409034493300597650E-03    0.152822317056137450E+03    0.970225515349446610E+01    0.147265998906993489E+00    0.462348123186691606E+00    0.653374386690704217E-01    0.167869246555479663E+03
    0.376862967019354455E-03    0.152786152755177739E+03    0.123072797894430899E+02    0.128582512811280164E+00    0.516242665167042536E+00   -0.314516067413239120E+00    0.635434387994489569E+02
    0.793726302628464521E-03    0.151096438642897567E+03    0.534287207992673885E+01    0.331536599129531984E+00    0.308013963476433172E+00    0.137315231102115387E+01    0.453819960918785341E+03
    0.117982080222031496E-02    0.150103680345702941E+03    0.846646357996907639E+01    0.267218888661272969E+00    0.352554313160498067E+00    0.825059665198936698E+00    0.311037220028732747E+03
    0.109491662375050397E-02    0.150053049039191507E+03    0.106061542052284814E+02    0.420254203159149853E+00    0.353573475561083206E+00    0.561102095432505332E+00    0.307034614256333214E+03
    0.116571461648988799E-02    0.149727736867194750E+03    0.864789081921126268E+01    0.306739246224871254E+00    0.315179393796498952E+00    0.123542099947440320E+01    0.371658947768974826E+03
    0.151312488525476708E-02    0.149006051528789413E+03    0.885750938693275991E+01    0.138252552799752709E+00    0.495912998919346870E+00   -0.133508640954367375E+00    0.137978004628605902E+03
    0.160192093317074332E-02    0.148691998489835782E+03    0.113134214395233776E+02    0.302956838074703860E+00    0.378398051741958785E+00    0.477175417771684374E+00    0.307288072015471869E+03
    0.159108440174252617E-02    0.148505573879661114E+03    0.756608038036698716E+01    0.116070361297736721E+00    0.467605684515767783E+00    0.233731043214288337E+00    0.140687385326058518E+03
    0.145718076616370863E-02    0.148481398300760816E+03    0.107087668035376655E+02    0.368586164697280783E+00    0.337513649014668127E+00    0.841722705913291902E+00    0.294068199850936367E+03
    0.134265889795887592E-02    0.148445101674257558E+03    0.123600951618522963E+02    0.288367325978692857E+00    0.369975336183640147E+00    0.568344985870627317E+00    0.243993019468208047E+03
    0.141806222043433126E-02    0.148135822862231265E+03    0.671074874317469572E+01    0.389824680095032960E+00    0.369302121168109954E+00    0.577795778997047593E+00    0.324845900941490754E+03
    0.145389870338616866E-02    0.147885908056269045E+03    0.122279969721868049E+02    0.328572825255127710E+00    0.386981769698879707E+00    0.334596974386073331E+00    0.263969910232445102E+03
    0.135609774317959459E-02    0.147825182936720665E+03    0.723358523499078476E+01    0.186051573899459699E+00    0.496843761565214426E+00   -0.159073905276916783E+00    0.124093712935708709E+03
    0.124185118181454799E-02    0.147801199164689677E+03    0.111274474876571396E+02    0.199587565854094151E+00    0.545789647902630959E+00   -0.647299252493296229E+00    0.706602314768781810E+02
    0.146439638064226789E-02    0.147271519213148622E+03    0.825045265323088373E+01    0.157453562361551613E+00    0.500831828038406424E+00   -0.182618808266625632E+00    0.126165776748226563E+03
    0.142521567472019364E-02    0.147125759168645033E+03    0.980744371270949600E+01    0.148748150101481819E+00    0.578251014851599909E+00   -0.687718331365146707E+00    0.645479521892989396E+02
    0.181991284683594720E-02    0.146436828247366748E+03    0.750323243852988497E+01    0.178214313981056194E+00    0.493094348831610796E+00   -0.135739778242036396E+00    0.107289831675757085E+03
    0.253410162462702022E-02    0.145574727103492535E+03    0.796072827531175697E+01    0.106046206007253480E+00    0.539310671781529472E+00   -0.242187798974415780E+00    0.962096455191917528E+02
    0.269927027957258701E-02    0.145248442535229913E+03    0.929334455005161786E+01    0.323877699433575084E+00    0.331447609717660074E+00    0.987367378322914657E+00    0.357506324455501726E+03
    0.247563582865021605E-02    0.145221410947559008E+03    0.667655380959650380E+01    0.151491007352025142E+00    0.538253722513630906E+00   -0.342080824858532861E+00    0.103192719338437087E+03
    0.391538285740370383E-02    0.144104579240339859E+03    0.100492223699830987E+02    0.201121942263311260E+00    0.569532393327648268E+00   -0.753398607314869184E+00    0.556471389053419188E+02
    0.419852426882894991E-02    0.143764939276579639E+03    0.898843926946598160E+01    0.398319856118625637E+00    0.503884829006016499E+00   -0.577923009844963032E+00    0.763087315278824292E+02
    0.419060358753871407E-02    0.143568715918814405E+03    0.878654210872971575E+01    0.378938742058643530E+00    0.410652099620818334E+00    0.187694286509766634E+00    0.196224235582614369E+03
    0.382544155794656846E-02    0.143551057673339528E+03    0.974475100355403256E+01    0.481291735187175440E+00    0.464181053176211778E+00   -0.382411615150883566E+00    0.913627624400217542E+02
    0.372378295519582795E-02    0.143404925324526374E+03    0.964873899378132194E+01    0.138557266369422200E+00    0.607848618380361638E+00   -0.831728683588769280E+00    0.400410720570854011E+02
    0.553392994749708333E-02    0.142412609029105511E+03    0.972520959359324522E+01    0.360018564068125546E+00    0.385535400108549475E+00    0.395757360997591068E+00    0.236413818627089881E+03
    0.573660241176832987E-02    0.142140671233033316E+03    0.663786043978261908E+01    0.200031274744295412E+00    0.584467776408387540E+00   -0.763215876626929135E+00    0.164777046347441356E+02
    0.652006758563235256E-02    0.141684635990984475E+03    0.930848046028020448E+01    0.282087791477129313E+00    0.518491463538674591E+00   -0.545988230239178418E+00    0.708394217464000775E+02
    0.591765129369278310E-02    0.141678526216056952E+03    0.756783620654180034E+01    0.471647846819706951E+00    0.454628772826785488E+00   -0.238392850012467100E+00    0.116306055539544559E+03
    0.540759953615655830E-02    0.141658794903079411E+03    0.791414266616994055E+01    0.115865259856645364E+00    0.649433566206795043E+00   -0.947859916444890427E+00    0.149422271407456222E+02
    0.570295176024646511E-02    0.141352437687591419E+03    0.785089417018543223E+01    0.115546315731373569E+00    0.615210307515820509E+00   -0.754043475941287844E+00    0.173714986956803230E+02
    0.518944004218115269E-02    0.141341153875188951E+03    0.615590301105424587E+01    0.154019685326693995E+00    0.567526840428252966E+00   -0.536597208893205391E+00    0.406067316626142514E+02
    0.854098968808316740E-02    0.140144651695302713E+03    0.948031742630973540E+01    0.335238407961525708E+00    0.529174353657367535E+00   -0.706620858181819411E+00    0.536395751218062244E+02
    0.904477608892947232E-02    0.139830030747924894E+03    0.608371598118738532E+01    0.145144545221041837E+00    0.573087999697516781E+00   -0.530992905070557852E+00    0.647174359967147836E+02
    0.912109525623844460E-02    0.139613225693020524E+03    0.814929272946175232E+01    0.228951886407114447E+00    0.573905509416467452E+00   -0.785754449260369192E+00    0.205284641129877770E+02
    0.111731175553099662E-01    0.139007384124775825E+03    0.695277249181721313E+01    0.139615756050942202E+00    0.560528630001357775E+00   -0.457298947130737043E+00    0.742985176412263542E+02
    0.116598592967389683E-01    0.138722101247194246E+03    0.691134812033267565E+01    0.123906913545389033E+00    0.629354441045159918E+00   -0.835132308911530896E+00    0.158742808163498736E+02
    0.127563003732414845E-01    0.138342354881593309E+03    0.746544613991852213E+01    0.161339256761054456E+00    0.561157030159960213E+00   -0.551920356551854785E+00    0.704750874427084000E+02
    0.138682144214547828E-01    0.137975206495938750E+03    0.852691060298820425E+01    0.151684156911994383E+00    0.569410703524024342E+00   -0.616448848424476115E+00    0.403475832235753202E+02
    0.138781105094886049E-01    0.137773779843799673E+03    0.728164170979837166E+01    0.148300744170184073E+00    0.560337648756724316E+00   -0.484669554543134651E+00    0.669313369131463958E+02
    0.133705874591012724E-01    0.137648290817043176E+03    0.852719710229848182E+01    0.148761992490320683E+00    0.587017493787260647E+00   -0.703936917861720968E+00    0.451462429787204371E+02
    0.140974929230495878E-01    0.137342411525145849E+03    0.602134822878639486E+01    0.119904353678343858E+00    0.604642391323855333E+00   -0.635911015404638569E+00    0.511726025494565420E+02
    0.138172334806757786E-01    0.137182572242533524E+03    0.613279089784310916E+01    0.105013016882983895E+00    0.603360095527115337E+00   -0.581972547824113340E+00    0.481427132697593620E+02
    0.156009353820633929E-01    0.136739743728849987E+03    0.666653122049975977E+01    0.108793299101871965E+00    0.640001842001539756E+00   -0.839058554570978221E+00    0.209386410520358552E+02
    0.149423601751309098E-01    0.136626005186255185E+03    0.690207439294942482E+01    0.121790695053303130E+00    0.584808240352743591E+00   -0.567351918860737214E+00    0.585758622922669687E+02
    0.137987485125938055E-01    0.136585249673428024E+03    0.803131042734254308E+01    0.158813555545329887E+00    0.581366302269197055E+00   -0.674133548500598367E+00    0.358154296621688033E+02
    0.132359168917815465E-01    0.136468537252369373E+03    0.893802673589691388E+01    0.419930177489128809E+00    0.381131761149796799E+00    0.395001352284231333E+00    0.218238746338650117E+03
    0.134484924079292540E-01    0.136236671452271906E+03    0.661061529791857616E+01    0.128169910610283877E+00    0.579988408518112508E+00   -0.529932529472551650E+00    0.510991560239819336E+02
    0.154892326456990900E-01    0.135754115245518904E+03    0.725365982398654374E+01    0.127075124380739424E+00    0.587089893844085275E+00   -0.593718182959651397E+00    0.438166028091479731E+02
    0.150038728562716904E-01    0.135617788758153381E+03    0.865242578563097808E+01    0.527024632943264182E+00    0.356347539220854326E+00    0.554765411723581847E+00    0.242400375331906559E+03
    0.217137414516201145E-01    0.134678514861045585E+03    0.700770674574579644E+01    0.537358888246618926E+00    0.346330700010048564E+00    0.701296207782633907E+00    0.270207994097651010E+03
    0.201001903933882703E-01    0.134632946899887145E+03    0.794041248237235209E+01    0.544381092507160047E+00    0.353785829462418655E+00    0.588226767155277774E+00    0.246417565997433030E+03
    0.193789612119043900E-01    0.134506029466564996E+03    0.747183375427921170E+01    0.517972524415786117E+00    0.349223316064038836E+00    0.667860456807357061E+00    0.269302107805774085E+03
    0.193446903294019479E-01    0.134309569514064236E+03    0.928762407837023574E+01    0.461767457657474789E+00    0.389746549552779098E+00    0.265382965209713662E+00    0.193561529641304105E+03
    0.215452660922757291E-01    0.133894093231490217E+03    0.869289499691456768E+01    0.507976232634338110E+00    0.359671480468654436E+00    0.536391507484333285E+00    0.241798775292651669E+03
    0.233805346537870329E-01    0.133530597826982842E+03    0.892704463410131233E+01    0.512760265076194988E+00    0.391320632042937544E+00    0.223702516214673047E+00    0.194576298644920172E+03
    0.212601538135834753E-01    0.133520736259004707E+03    0.813368242097650374E+01    0.581702806438384012E+00    0.377966422757531173E+00    0.323478362201819691E+00    0.215376797974896704E+03
    0.204737770155762992E-01    0.133396115679870803E+03    0.930601820242747024E+01    0.497592824982783788E+00    0.365686222335475708E+00    0.468001714597658380E+00    0.215677510957878781E+03
    0.185850061450252881E-01    0.133389695205756198E+03    0.845631453549426304E+01    0.499498294300778023E+00    0.390190727909372648E+00    0.258649110457960019E+00    0.202482631271136427E+03
    0.188884722601687718E-01    0.133157301869230849E+03    0.896665234489970686E+01    0.531824630657106168E+00    0.368672458905497380E+00    0.409288073692650800E+00    0.229315959923200296E+03
    0.218677346336111633E-01    0.132664380982461154E+03    0.865267224120963441E+01    0.552836214219586397E+00    0.386807672910977451E+00    0.261884073966737185E+00    0.183837230989075692E+03
    0.200115104520771254E-01    0.132641790213326772E+03    0.798240604072302862E+01    0.511358984141107809E+00    0.360802281434249916E+00    0.528928075107081952E+00    0.256920799206712445E+03
    0.187135736393069484E-01    0.132575907227315412E+03    0.909990127702149110E+01    0.484079755273921331E+00    0.369123280100813411E+00    0.456823605471744609E+00    0.214135791102881058E+03
    0.190171144063092726E-01    0.132343726810635218E+03    0.715217361580046695E+01    0.504936643145033504E+00    0.349831074784821783E+00    0.693997890653545446E+00    0.255432869778584518E+03
    0.175702754134323506E-01    0.132301988319971741E+03    0.739167905133227343E+01    0.506313077046782078E+00    0.351597836872575620E+00    0.666869973487020928E+00    0.251397273214737766E+03
    0.177045514538543107E-01    0.132086761972924393E+03    0.715820004242616381E+01    0.567788847905398408E+00    0.374919829756666823E+00    0.383926747224946796E+00    0.240215913349364541E+03
    0.193468570670540102E-01    0.131709345512927001E+03    0.749778000288801127E+01    0.579062215620079535E+00    0.361695870249235385E+00    0.504563273968193449E+00    0.235715046486781489E+03
    0.186311026080662398E-01    0.131584740739729654E+03    0.809086894446450344E+01    0.491765397339672727E+00    0.363411710977489755E+00    0.527849008364322692E+00    0.236824854425930198E+03
    0.187040067574217803E-01    0.131376929942519581E+03    0.884713192939647008E+01    0.546684522857270094E+00    0.378927008714975755E+00    0.333275190429058787E+00    0.188149821234247668E+03
    0.174054860426027871E-01    0.131320834581879495E+03    0.748507604585618402E+01    0.592300649808669810E+00    0.378156967125951704E+00    0.346211518887888647E+00    0.202624036337835662E+03
    0.172284671745704457E-01    0.131141279306558800E+03    0.788912386524801512E+01    0.491854619641923840E+00    0.383798845116874399E+00    0.357332984273799059E+00    0.194131797580072828E+03
    0.156155188037540547E-01    0.131137875044768862E+03    0.796079949796627417E+01    0.511283673123684057E+00    0.385451098724850116E+00    0.355964495237198086E+00    0.166449609092854757E+03
    0.155023015489435343E-01    0.130952428474681795E+03    0.793973004689895401E+01    0.520927602981996807E+00    0.376574750454041152E+00    0.374309595668188333E+00    0.226556534466656444E+03
    0.140917062650909707E-01    0.130943232642198694E+03    0.738663429613576206E+01    0.544268008495237599E+00    0.381420878017956877E+00    0.407117954971089158E+00    0.159952798052988754E+03
    0.147921310112429510E-01    0.130842882549727790E+03    0.805080748458019357E+01    0.491194811881524696E+00    0.372182544731738174E+00    0.452072357693469762E+00    0.219347176022785447E+03
    0.196942265132937118E-01    0.130270422206817557E+03    0.781045376130639912E+01    0.543045249222259052E+00    0.382009712511664490E+00    0.355385652518263151E+00    0.181878973921975557E+03
    0.346997959764484762E-01    0.129137605637027519E+03    0.666925696811013413E+01    0.558165924918471612E+00    0.366276251041031675E+00    0.508577119640807984E+00    0.235510354432987754E+03
    0.171974902650749370E-01    0.130541546334912880E+03    0.775385239777399882E+01    0.526003912678578489E+00    0.362048345627839940E+00    0.551874182193615948E+00    0.224188417027197431E+03
    0.279371802204848481E-01    0.129571156399492736E+03    0.786984068184204411E+01    0.516102108600809850E+00    0.374092087943310059E+00    0.427133677933028089E+00    0.206116981717324336E+03
    0.167702706871180954E-01    0.130591857817902479E+03    0.748230601271824192E+01    0.504605263203457222E+00    0.382022682621525944E+00    0.392675851107257223E+00    0.190714881772222043E+03
    0.141832308763691333E-01    0.130926952566481219E+03    0.644522363453202374E+01    0.566511776772678055E+00    0.374715504039729086E+00    0.412300333568698607E+00    0.237924012950656731E+03
    0.205644350103926926E-01    0.130183946995722096E+03    0.758230909279067333E+01    0.502800058068578415E+00    0.366941952348659672E+00    0.502202630594469568E+00    0.230623850277020381E+03
    0.163373881593731340E-01    0.130644160785040185E+03    0.824872414211513316E+01    0.492193168684226579E+00    0.372329716649601683E+00    0.458894970149722692E+00    0.200411624150867766E+03
    0.304502718809167260E-01    0.129398883405852473E+03    0.751678426528611077E+01    0.538181280365633952E+00    0.369066834776120734E+00    0.495846274314289459E+00    0.197207830947932706E+03
