    0.161978049163769633E+02    0.808417247935539507E+01    0.212099782860072761E+01   -0.120028823027921461E+01    0.559100294130952236E+02   -0.203781275245483189E+52   -0.230091898153046470E+01    1
    0.195786601504093305E+01    0.894231065385279500E+01    0.322540056055864055E+00    0.266807922510248163E+01    0.426968591535934294E+02   -0.261826306340947515E+47   -0.240091898153046435E+01    1
    0.319645952066012669E+02    0.320777142419549577E+01    0.188935019440131291E+01    0.105551649627840338E+01    0.242469196517064383E+02   -0.228789340037010379E+28   -0.250091898153046444E+01    1
    0.121364007290607585E+02    0.397883895515039576E+01    0.163794679360627327E+01   -0.470296820882027422E+01    0.241882081247544711E+02   -0.733457958267559640E+27   -0.260091898153046497E+01    1
    0.574286395253354556E+02    0.233609029018909808E+01    0.150825625026316412E+00    0.389068818856129317E+00    0.828204182452100071E+02   -0.289999010563999793E+21   -0.270091898153046506E+01    1
    0.521984734764665692E+01    0.369995681871096105E+01    0.374182842460785314E+00    0.204550446924402118E+01    0.129576167074292492E+02   -0.683454599981317816E+20   -0.280091898153046470E+01    1
    0.365338244272259303E+02    0.226554718733539451E+01    0.118262712367924805E+01   -0.163220265721662317E+00    0.121925542383151573E+02   -0.369610666660757668E+20   -0.290091898153046479E+01    1
    0.214503897694974413E+02    0.140381776828730831E+01    0.254591258871447446E+01    0.167249071851315456E+01    0.440558694387232705E+02   -0.339523593229943276E+20   -0.300091898153046532E+01    1
    0.387821380257113688E+02    0.179724515312482236E+01    0.123227537846843621E+00    0.197696391487624723E+01    0.144518126213264253E+02   -0.237205258576701040E+17   -0.310091898153046586E+01    1
    0.593872727755851031E+02    0.112260796726849327E+00    0.309796297624004868E+01    0.333516654897565523E+01    0.748904750828583445E+02   -0.198415478216100300E+16   -0.320091898153046506E+01    1
    0.426553110519626841E+02    0.141692286271284762E+01    0.106222874299355285E+01   -0.169158413300330412E+01    0.772370732288927400E+02   -0.166864347701800675E+16   -0.330091898153046515E+01    1
    0.525086175316813453E+00    0.152305231520861439E+01    0.290619597291078779E+00   -0.274600466833383194E+01    0.804238772920198386E+02   -0.240133056919790375E+15   -0.340091898153046479E+01    1
    0.481306131717171404E+00    0.568198278382378796E+00    0.336095660225727766E+01    0.456664418150429707E+01    0.707675501799645446E+02   -0.616613987474008359E+14   -0.350091898153046488E+01    1
    0.279069424846713403E+02    0.153258498894492168E+01    0.597304130931125332E+00    0.211012250831116344E+01    0.692487216451140064E+01   -0.418981911807848203E+14   -0.360091898153046541E+01    1
    0.419290760319973685E+02    0.118758991611579612E+01    0.693591916203923797E+00    0.856889161534116206E+00    0.706773000660663087E+02   -0.366902415427262344E+14   -0.370091898153046506E+01    1
    0.925067603477486955E+02    0.882363871907866137E+00    0.945010080629493099E+00    0.905650506359135909E+00    0.875246538122086370E+01   -0.720576735899512305E+13   -0.380091898153046559E+01    1
    0.713199918610894770E+02    0.432264865336093207E+00    0.831431548629540829E+00   -0.123728496428888515E+00    0.128464251418145636E+02   -0.825151307027783632E+09   -0.390091898153046568E+01    1
    0.695391814605898162E+02    0.594355523502709926E+00    0.920134016459237536E+00   -0.275459724166788877E+01    0.914038493544755681E+01   -0.406619386246020496E+08   -0.400091898153046532E+01    1
    0.167757539704862815E+02    0.861688506301672374E+00    0.890995408804018729E+00   -0.436514895955934357E+01    0.630080757984806681E+02   -0.356407167719151601E+08   -0.410091898153046586E+01    1
    0.492500249074059226E+02    0.494232547607824202E+00    0.942146293998113560E+00   -0.393485140407858136E+01    0.392174440230781940E+02   -0.161061463797766883E+08   -0.420091898153046550E+01    1
    0.244085907046828865E+02    0.586374890389570691E+00    0.151510774243276858E+00    0.267814042979930056E+01    0.599340832276778954E+02   -0.156534182927156519E+08   -0.430091898153046603E+01    1
    0.979163063459458556E+02    0.494927080214543069E+00    0.882959138785975095E+00   -0.298168045554564998E+01    0.870362354094488211E+01   -0.589790657204844151E+07   -0.440091898153046568E+01    1
    0.195560651675453911E+01    0.106088693035541415E+00    0.148408478734527005E+01   -0.269247523893412755E+01    0.310289079840811297E+02   -0.449338466770431772E+07   -0.450091898153046621E+01    1
    0.209857854843020490E+02    0.636571855426487421E+00    0.579879934508657380E+00   -0.771882550076096852E+00    0.541967679961104523E+02   -0.161697564532783278E+07   -0.460091898153046674E+01    1
    0.974189062636017766E+01    0.124298182998058407E+00    0.704441914838353500E-01    0.447052835428707773E+01    0.171723151914979368E+02   -0.126342734526192257E+07   -0.470091898153046639E+01    1
    0.746165921096158655E+02    0.247020761350902313E+00    0.622434591364945833E+00   -0.132674590657614666E+01    0.527045639873571119E+02   -0.210182278523370042E+06   -0.480091898153046603E+01    1
    0.532647650952958855E+02    0.121522741178837346E+01    0.256763133553779721E+00    0.136241974295763346E+01    0.647048811988279198E+02   -0.265879405616678196E+05   -0.490091898153046657E+01    1
    0.625574805372651532E+01    0.454142838294114393E+00    0.135997102412166254E+00    0.347222427987621618E+01    0.571494141044803996E+02   -0.160119944925510663E+05   -0.500091898153046621E+01    1
    0.344357240207971174E+02    0.148286826781895364E+00    0.669348225037745381E+00   -0.199481356589025438E+01    0.408924124928500774E+02   -0.102102328652634515E+05   -0.510091898153046674E+01    1
    0.628909757223339341E+02    0.597628695942561405E+00    0.515339963429926162E+00   -0.314225047213581554E+01    0.611235161839570864E+02   -0.591310242410445971E+04   -0.520091898153046639E+01    1
    0.159653969923154868E+02    0.278586991795870431E+00    0.543261374361767579E+00   -0.359321909688166630E+00    0.276562499903784307E+02   -0.466377991485496204E+04   -0.530091898153046692E+01    1
    0.501398822361998668E+02    0.455799396176625460E+00    0.431512143126652092E+00   -0.952207280617613061E+00    0.778454300904400043E+02   -0.167334188375113877E+04   -0.540091898153046657E+01    1
    0.327580573315826769E+02    0.298014660694539135E+00    0.240391894360170250E+00    0.183830896616193917E+01    0.943400152205830693E+02   -0.163147674517784026E+04   -0.550091898153046710E+01    1
    0.233097149291791510E+02    0.420337171630521755E+00    0.129491624056060517E+00    0.425481177559022328E+01    0.313284521762499217E+02   -0.109278745306970836E+04   -0.560091898153046674E+01    1
    0.262282516757268382E+02    0.127403158381495074E+00    0.295026548139147970E+00    0.106634881091509648E+01    0.316715219772390562E+02   -0.421919864463123190E+03   -0.570091898153046639E+01    1
    0.366018286575044982E+02    0.175888860679656617E+00    0.263748493681707052E+00    0.258906118905984339E+01    0.320512991319442762E+02   -0.382289456280691638E+03   -0.580091898153046692E+01    1
    0.122701556946524626E+02    0.370713046059905071E+00    0.320153420906044706E+00    0.135600077311036982E+01    0.806966333317249109E+02   -0.371482038535116317E+03   -0.590091898153046746E+01    1
    0.681744018799095954E+02    0.981912844479177344E-01    0.562923386924919278E+00   -0.170034493355146621E+01    0.191204100765466869E+02   -0.244393527592347141E+03   -0.600091898153046710E+01    1
    0.457163226466432775E+02    0.148571525603252014E+00    0.229057527782524639E+00    0.282412122612713157E+01    0.570726034149762214E+02   -0.232212169626853409E+03   -0.610091898153046763E+01    1
    0.138108692587001602E+02    0.289889233964612580E+00    0.305072997881344843E+00    0.177075814128531661E+01    0.523896688110820605E+02   -0.186869956550234264E+03   -0.620091898153046728E+01    1
    0.351809400999657953E+02    0.370065659175258521E+00    0.150992359743125665E+00    0.374881837156112718E+01    0.510982213253295754E+02   -0.181816790412160799E+03   -0.630091898153046603E+01    1
    0.382556965073771167E+02    0.195007136427677474E+00    0.340555601206334324E+00    0.460098507090687614E+00    0.428738112059702274E+02   -0.159938717955455047E+03   -0.640091898153046657E+01    1
    0.894725074724735947E+02    0.235690087022769640E+00    0.332852203200407537E+00    0.607695571250042699E+00    0.343186142298687074E+02   -0.159174153392727050E+03   -0.650091898153046799E+01    1
    0.328776173643372971E+02    0.332493093285686103E+00    0.330686427256592974E+00    0.877994478122179123E+00    0.491413613199324502E+02   -0.137436624918957392E+03   -0.660091898153046763E+01    1
    0.995398237254958786E+02    0.217400202919617758E+00    0.274128180132299115E+00    0.179356568055493382E+01    0.439685809609209528E+02   -0.125648649174672713E+03   -0.670091898153046817E+01    1
    0.414125548237817966E+02    0.130830381349036323E+00    0.126737059672443669E+00    0.425459073882495176E+01    0.353023749200552501E+02   -0.119568842070397181E+03   -0.680091898153046692E+01    1
    0.192906414755939366E+02    0.364654316647769927E+00    0.213648971712717767E+00    0.256509757981771624E+01    0.390528998460219015E+02   -0.117547528759505866E+03   -0.690091898153046746E+01    1
    0.547335185315067374E+01    0.368737098610093128E+00    0.414665234242839520E+00   -0.116038029115630131E+00    0.359253976445220928E+02   -0.115264140006840165E+03   -0.700091898153046710E+01    1
    0.515486790380013602E+02    0.112732589083227655E+00    0.325693311201781299E+00    0.773762166621150382E+00    0.476016856368180754E+02   -0.115233603998047073E+03   -0.710091898153046674E+01    1
    0.657521300374452693E+02    0.214189029899506750E+00    0.102701054904103320E+00    0.444931472363141545E+01    0.412272441041710849E+02   -0.111631041966054582E+03   -0.720091898153046728E+01    1
    0.169442574997476854E+02    0.406870818728958805E+00    0.252408596535906304E+00    0.198186325272123320E+01    0.412016757963127134E+02   -0.923131310481927585E+02   -0.730091898153046781E+01    1
    0.394192939720132358E+02    0.352452611785735892E+00    0.812105512633239657E-01    0.464574158392030778E+01    0.364404792242844024E+02   -0.848651408067645576E+02   -0.740091898153046834E+01    1
    0.389559180478862501E+02    0.120010891747112922E+00    0.127035490537321438E+00    0.420844547441200145E+01    0.363426751797393024E+02   -0.787686838920935202E+02   -0.750091898153046799E+01    1
    0.341187846760113800E+02    0.173554854210060866E+00    0.167394695407411503E+00    0.367124265084119772E+01    0.290697177151253285E+02   -0.780098753897142529E+02   -0.760091898153046852E+01    1
    0.486970002342507158E+02    0.115949607857366133E+00    0.100258526386553401E+00    0.437567934080403909E+01    0.332591502026339043E+02   -0.759437196923799718E+02   -0.770091898153046639E+01    1
    0.346971371420405035E+02    0.152675091357246356E+00    0.380301801147371943E+00    0.467958140633664282E-01    0.378610292642375938E+02   -0.709027637356197005E+02   -0.780091898153046781E+01    1
    0.117672341854941731E+02    0.116274942179088306E+00    0.231972666684711754E+00    0.288480340858510420E+01    0.310699834912827164E+02   -0.590101515528819007E+02   -0.790091898153046834E+01    1
    0.129790106705955033E+02    0.148524943036045742E+00    0.212648659827176761E+00    0.310416556473263316E+01    0.218246451223862294E+02   -0.586476327185134210E+02   -0.800091898153046799E+01    1
    0.314702365979499810E+01    0.373622355026687225E+00    0.147841435357052908E+00    0.379491856006203232E+01    0.415248575340934849E+02   -0.576871859432901388E+02   -0.810091898153046763E+01    1
    0.175593820169249142E+02    0.106777330431291478E+00    0.354846454680474210E+00    0.737961547512954397E+00    0.409973021620265854E+02   -0.542461320861705758E+02   -0.820091898153046728E+01    1
    0.709944041059165265E+01    0.162275317567754096E+00    0.192984478196261883E+00    0.330978441852910743E+01    0.279906728507144607E+02   -0.536251140791169760E+02   -0.830091898153046870E+01    1
    0.665365868864833487E+01    0.135294697981604484E+00    0.262515283682438982E+00    0.236603641962271860E+01    0.243352538716502060E+02   -0.526150018995615696E+02   -0.840091898153046834E+01    1
    0.214648139663118371E+02    0.156090318746112511E+00    0.136161655000018061E+00    0.394895093265096175E+01    0.357705746804284033E+02   -0.523729230736495524E+02   -0.850091898153046799E+01    1
    0.185424670222564458E+02    0.191023001570053030E+00    0.150101072636112637E+00    0.370149530747230759E+01    0.382759639810029881E+02   -0.516756434331337999E+02   -0.860091898153046763E+01    1
    0.163939276485563212E+02    0.266180697633353502E+00    0.279840315004859119E+00    0.175436741629544501E+01    0.374699638570980156E+02   -0.506047883553271518E+02   -0.870091898153046728E+01    1
    0.368685564944536814E+01    0.287869078978258142E+00    0.293033870053704182E+00    0.147688910273320051E+01    0.549826254386190527E+02   -0.503811707846626220E+02   -0.880091898153046870E+01    1
    0.469925715115296416E+01    0.979400595257486489E-01    0.212604588495299729E+00    0.287106872598095997E+01    0.258850170534101380E+02   -0.501992923696563409E+02   -0.890091898153046834E+01    1
    0.569310346370775555E+01    0.197958829125351204E+00    0.135002902581610518E+00    0.390349131957335516E+01    0.435924451564036914E+02   -0.495675943106263475E+02   -0.900091898153046799E+01    1
    0.630711280334590008E+01    0.130389163696775279E+00    0.154471023944427965E+00    0.367581205198833372E+01    0.273631541785489958E+02   -0.478123900429780946E+02   -0.910091898153046941E+01    1
    0.165791733502100769E+02    0.160301666606605275E+00    0.314134281006282212E+00    0.124336352170757536E+01    0.386519558415585109E+02   -0.476234672011977835E+02   -0.920091898153046905E+01    1
    0.897690544262463241E+01    0.154246280678461245E+00    0.200717027201354453E+00    0.303343851658005326E+01    0.304034655110467007E+02   -0.472774127291475494E+02   -0.930091898153046870E+01    1
    0.743727822066154687E+01    0.245749585758382516E+00    0.229034382266863484E+00    0.267668783822510914E+01    0.398297478636389215E+02   -0.461384394310939570E+02   -0.940091898153046834E+01    1
    0.936819283075612219E+01    0.331751449500468920E+00    0.135625173530251886E+00    0.390475919692182805E+01    0.547181871099856210E+02   -0.459426329806386846E+02   -0.950091898153046799E+01    1
    0.590849362702585523E+01    0.382819166358016938E+00    0.191172414679616404E+00    0.320834380099508731E+01    0.431167456317547462E+02   -0.457386828397777379E+02   -0.960091898153046941E+01    1
    0.354290073504774750E+01    0.283638087886670165E+00    0.324678017244805550E+00    0.967439305468675181E+00    0.463930258599143599E+02   -0.457209353698713414E+02   -0.970091898153046905E+01    1
    0.932967448399998389E+01    0.162423140291251739E+00    0.356910802898849633E+00    0.706495711120929348E+00    0.409478754979145165E+02   -0.444554436061588021E+02   -0.980091898153046870E+01    1
    0.594367560243633442E+01    0.384664308442036973E+00    0.232708977032056757E+00    0.243726201742327930E+01    0.360065760593536766E+02   -0.441496849557557383E+02   -0.990091898153046834E+01    1
    0.835069950143172868E+01    0.217177800555054895E+00    0.235283813813172121E+00    0.246872148431325122E+01    0.309420456997177489E+02   -0.439885536873675136E+02   -0.100009189815304698E+02    1
    0.507946661938760791E+01    0.291535763650941471E+00    0.266771143706431846E+00    0.206067268376377610E+01    0.418475155242241499E+02   -0.436436595006087344E+02   -0.101009189815304694E+02    1
    0.683916491109165037E+01    0.127466983931488337E+00    0.286135033315370824E+00    0.156130382586869376E+01    0.298633759144902413E+02   -0.434557828987033474E+02   -0.102009189815304691E+02    1
    0.629776032359893101E+01    0.173080218823349924E+00    0.259392749309543091E+00    0.202245863487561417E+01    0.396286218279673150E+02   -0.428122116110252620E+02   -0.103009189815304687E+02    1
    0.676206693911196410E+01    0.371706721773285620E+00    0.236829654633191861E+00    0.240804089639978036E+01    0.405622090252691621E+02   -0.428078476989891357E+02   -0.104009189815304683E+02    1
    0.576629393977422922E+01    0.303016634938041707E+00    0.232587525592554856E+00    0.249612200399157391E+01    0.400323935535440540E+02   -0.422081030764374248E+02   -0.105009189815304680E+02    1
    0.118510757438972156E+02    0.110232790080745491E+00    0.308006515240604906E+00    0.135936442487579612E+01    0.402575268683107694E+02   -0.414747497969955816E+02   -0.106009189815304694E+02    1
    0.469828219059864427E+01    0.250788469380343437E+00    0.278329112729779227E+00    0.180270751269838314E+01    0.324735344377080963E+02   -0.407758440063789109E+02   -0.107009189815304691E+02    1
    0.899584000318356303E+01    0.102531900695362790E+00    0.332414469117819689E+00    0.114427601257620881E+01    0.365197686586944030E+02   -0.404613736720570571E+02   -0.108009189815304687E+02    1
    0.382284858545846307E+01    0.115108254465199927E+00    0.307755778059735696E+00    0.143451512068740872E+01    0.345546278183616309E+02   -0.401374624620708360E+02   -0.109009189815304701E+02    1
    0.585709027657849202E+01    0.239868464025405376E+00    0.320266789359945847E+00    0.115569484155540425E+01    0.449773839299981617E+02   -0.394144634737437585E+02   -0.110009189815304698E+02    1
    0.621840645041669227E+01    0.141237362156938467E+00    0.392616653406308191E+00    0.369460861276970975E+00    0.311399885662654619E+02   -0.391583646324179000E+02   -0.111009189815304694E+02    1
    0.402543959145762287E+01    0.186756355429148285E+00    0.367215256606983786E+00    0.619230202174533617E+00    0.336403927608627669E+02   -0.375733347047439921E+02   -0.112009189815304691E+02    1
    0.369169510537713519E+01    0.140587420177831379E+00    0.312065354354239322E+00    0.122132656274561580E+01    0.346918958070613499E+02   -0.358236784943810562E+02   -0.113009189815304705E+02    1
    0.450617550307421233E+01    0.161220062140611381E+00    0.307388934646837031E+00    0.139045831706613332E+01    0.338222997607458424E+02   -0.354661357329796303E+02   -0.114009189815304701E+02    1
    0.716562015203035507E+01    0.109897621108996868E+00    0.311642316669599462E+00    0.136271907237538459E+01    0.328358629244119840E+02   -0.354149041220320981E+02   -0.115009189815304698E+02    1
    0.760478096828391603E+01    0.977588019402850922E-01    0.315840567827278096E+00    0.129955862022872659E+01    0.285351589456905472E+02   -0.346263029254284120E+02   -0.116009189815304694E+02    1
    0.551419078348036074E+01    0.956286565581498937E-01    0.327731598954575210E+00    0.121427947369613198E+01    0.324096382104786542E+02   -0.345660380520807351E+02   -0.117009189815304691E+02    1
    0.522985018847972238E+01    0.134668554890746917E+00    0.306200198056753969E+00    0.128439147146782529E+01    0.262319404524424229E+02   -0.341087769398299940E+02   -0.118009189815304705E+02    1
    0.565236887732835491E+01    0.113364299467226731E+00    0.359712957037554959E+00    0.815256332313059273E+00    0.330670277145462777E+02   -0.340711609400465747E+02   -0.119009189815304701E+02    1
    0.110839376100121036E+02    0.100238742377389584E+00    0.334307708046626351E+00    0.943810982480099869E+00    0.329584725580026046E+02   -0.339287297124328973E+02   -0.120009189815304698E+02    1
    0.717496367022852866E+01    0.118778949931171038E+00    0.309435314456892818E+00    0.132142363356849302E+01    0.315366316985904476E+02   -0.336603602073540955E+02   -0.121009189815304694E+02    1
    0.608949054970544523E+01    0.101180777663940694E+00    0.311802117878508644E+00    0.129638845919786716E+01    0.389767953880701370E+02   -0.323092347030457390E+02   -0.122009189815304691E+02    1
    0.506397161581470279E+01    0.198681443912151312E+00    0.334760958364851757E+00    0.974832965953912556E+00    0.383497540709135549E+02   -0.317863887454893828E+02   -0.123009189815304705E+02    1
    0.584236455987244163E+01    0.165886292631685250E+00    0.337532162210460562E+00    0.909246651999399691E+00    0.416454154625175548E+02   -0.315627804662250249E+02   -0.124009189815304701E+02    1
    0.647011678858192862E+01    0.102525159057025209E+00    0.353672407882064110E+00    0.805502985303846564E+00    0.354787964409265726E+02   -0.306919338853137482E+02   -0.125009189815304698E+02    1
    0.474980368452927593E+01    0.108361543889730530E+00    0.343729583252051329E+00    0.975994915642424798E+00    0.302789027154989228E+02   -0.304807876918644602E+02   -0.126009189815304712E+02    1
    0.539010103485059311E+01    0.140943041338892100E+00    0.324049957502100194E+00    0.113775686119141284E+01    0.346433960307552340E+02   -0.300851540180337231E+02   -0.127009189815304708E+02    1
    0.577037139065841842E+01    0.105484426034399073E+00    0.359500620126229631E+00    0.659538498656663252E+00    0.388157175525677829E+02   -0.300053671087584242E+02   -0.128009189815304705E+02    1
    0.603239443346429205E+01    0.175459157227979751E+00    0.338607996118680643E+00    0.906533871091680821E+00    0.349165858914515468E+02   -0.287332869897260501E+02   -0.129009189815304701E+02    1
    0.608941544306284932E+01    0.168276045627208409E+00    0.332082455405503185E+00    0.100331432142293697E+01    0.301268918349594905E+02   -0.280696237044220034E+02   -0.130009189815304698E+02    1
    0.589252326944133031E+01    0.116840783789677466E+00    0.343826786045179966E+00    0.699146458923423308E+00    0.381084152028543173E+02   -0.277867052177961114E+02   -0.131009189815304712E+02    1
    0.653961450883054152E+01    0.115183727495285743E+00    0.328430306904437697E+00    0.103349096917602945E+01    0.317415535644195934E+02   -0.274419547581760277E+02   -0.132009189815304708E+02    1
    0.596766401034208904E+01    0.122956200451379533E+00    0.363299791709167930E+00    0.734744381836716087E+00    0.216318337834651260E+02   -0.272655853816832341E+02   -0.133009189815304705E+02    1
    0.575078836313577391E+01    0.137407106825695374E+00    0.343169542664077565E+00    0.679036167468975882E+00    0.287068511404489932E+02   -0.270168298247597498E+02   -0.134009189815304701E+02    1
    0.623888939105896156E+01    0.945661981473485125E-01    0.373996699941778254E+00    0.488318055585208022E+00    0.298584964807487374E+02   -0.270154396598933317E+02   -0.135009189815304715E+02    1
    0.409042455028182594E+01    0.118093456375112607E+00    0.348085029709911620E+00    0.818129339780037546E+00    0.217213893638274484E+02   -0.269922102937109614E+02   -0.136009189815304712E+02    1
    0.698397241943976255E+01    0.109111089594454022E+00    0.343069179210767294E+00    0.905946952706566222E+00    0.217076648436935109E+02   -0.267319251298613487E+02   -0.137009189815304708E+02    1
    0.879039668623850901E+01    0.101206477503830147E+00    0.350975874918700526E+00    0.728294128062735191E+00    0.306449472897861952E+02   -0.267191805991555853E+02   -0.138009189815304723E+02    1
    0.921861162263505562E+01    0.100762517462373830E+00    0.400738716361511926E+00    0.166067023690076587E+00    0.846927083483821441E+01   -0.265074154216678224E+02   -0.139009189815304701E+02    1
    0.936482975967827613E+01    0.108441006411022209E+00    0.347250876222278182E+00    0.703208606966672645E+00    0.144171600060876663E+02   -0.258892925158411416E+02   -0.140009189815304715E+02    1
    0.601399265801295435E+01    0.123436796949547706E+00    0.328748471773669060E+00    0.973254326214588517E+00    0.297960522996773065E+02   -0.257479525041520994E+02   -0.141009189815304712E+02    1
    0.628968096133214516E+01    0.986359789330914088E-01    0.347381919993302923E+00    0.865756953510731786E+00    0.214745457771571182E+02   -0.253731454973960453E+02   -0.142009189815304708E+02    1
    0.662429601513703847E+01    0.103566590333605352E+00    0.343775052745926679E+00    0.877556765475297151E+00    0.175181735072391405E+02   -0.252477881265020265E+02   -0.143009189815304723E+02    1
    0.450986486341594706E+01    0.126147236282433517E+00    0.338538233476493811E+00    0.907423468869862138E+00    0.218791494400314370E+02   -0.246758473836361532E+02   -0.144009189815304719E+02    1
    0.537352933301958302E+01    0.115653080619539841E+00    0.343540583300141478E+00    0.888738713569489969E+00    0.234240846589331042E+02   -0.243698975715642838E+02   -0.145009189815304715E+02    1
    0.593234900585797398E+01    0.100818034912070670E+00    0.334415307058130384E+00    0.909604548292563209E+00    0.311246647271984536E+02   -0.238297879876502243E+02   -0.146009189815304712E+02    1
    0.124392789131333856E+02    0.977098146995266370E-01    0.387002063903053861E+00    0.139730011916075064E+00    0.132382042356685261E+02   -0.237529109030878800E+02   -0.147009189815304708E+02    1
    0.118538669368483607E+02    0.132260842468531647E+00    0.392326589806595349E+00    0.765398774323836073E-01    0.120103189117580840E+02   -0.237122909500331289E+02   -0.148009189815304723E+02    1
    0.935713512199018993E+01    0.113869162015901484E+00    0.371819558052542687E+00    0.308937347151841901E+00    0.211807442457928410E+02   -0.236525044204294979E+02   -0.149009189815304719E+02    1
    0.103219159083490730E+02    0.997366685497035610E-01    0.358636244384007374E+00    0.528787797580423158E+00    0.220302256184503662E+02   -0.235693059962702876E+02   -0.150009189815304715E+02    1
    0.961141045887098322E+01    0.125388646633816159E+00    0.386335026748529098E+00    0.259452705188780275E+00    0.983214884237072795E+01   -0.233772279374230862E+02   -0.151009189815304730E+02    1
    0.777283865005638042E+01    0.128996407729575824E+00    0.380044794263368457E+00    0.354299395142941564E+00    0.874735127885321440E+01   -0.232551563179055094E+02   -0.152009189815304726E+02    1
    0.701002703304655395E+01    0.127637838279655941E+00    0.359455803938893315E+00    0.493511696640811626E+00    0.247908733928113634E+02   -0.228595003091022804E+02   -0.153009189815304723E+02    1
    0.620815193010737953E+01    0.129661844132409942E+00    0.351631179223688084E+00    0.731834308124233557E+00    0.129186976973371053E+02   -0.227378767634839214E+02   -0.154009189815304719E+02    1
    0.621861880923083010E+01    0.107018467039752735E+00    0.348787397240124142E+00    0.774073555588329465E+00    0.279412740789524605E+02   -0.227138603883008727E+02   -0.155009189815304715E+02    1
    0.945362286087958381E+01    0.133287538032026837E+00    0.377928920166355931E+00    0.255622441600215133E+00    0.128633627810503555E+02   -0.226167820902570327E+02   -0.156009189815304730E+02    1
    0.851204499369351808E+01    0.112185236129389396E+00    0.354324070373868871E+00    0.579397950615557100E+00    0.163961427110482987E+02   -0.224691876299723035E+02   -0.157009189815304726E+02    1
    0.873094105736371517E+01    0.124263799712717143E+00    0.358488148724120492E+00    0.585576171765384346E+00    0.163235287446714032E+02   -0.224226041809271912E+02   -0.158009189815304723E+02    1
    0.891251700560260574E+01    0.103699847007986373E+00    0.383016768221273951E+00    0.276511146229247717E+00    0.136446234525195251E+02   -0.223996777682414390E+02   -0.159009189815304737E+02    1
    0.838260339208538241E+01    0.961521745760323954E-01    0.365353126682033014E+00    0.551942415450628165E+00    0.222213494008120165E+02   -0.223928972670913318E+02   -0.160009189815304715E+02    1
    0.613544069932492420E+01    0.157670084095943713E+00    0.371574617018193443E+00    0.419965757773879400E+00    0.121524701224646741E+02   -0.223748678626209276E+02   -0.161009189815304730E+02    1
    0.107114626523941041E+02    0.974842116818075144E-01    0.382681734920049310E+00    0.245426665348401768E+00    0.163644315514655858E+02   -0.223423671316204597E+02   -0.162009189815304708E+02    1
    0.808907848147919850E+01    0.976406312445678576E-01    0.360459462337196446E+00    0.500118791065440549E+00    0.260337290891923772E+02   -0.221498390098632711E+02   -0.163009189815304723E+02    1
    0.688729480358433754E+01    0.130567609984503480E+00    0.347669647872451748E+00    0.725444381202024480E+00    0.256072512705529043E+02   -0.220409331219675799E+02   -0.164009189815304737E+02    1
    0.824705536467189937E+01    0.994297050002828919E-01    0.354750764267111995E+00    0.594757448228130481E+00    0.244660130377997014E+02   -0.217644450703218943E+02   -0.165009189815304715E+02    1
    0.539331151162895583E+01    0.133695567033531082E+00    0.348948570426848570E+00    0.705903181300825411E+00    0.157100741705520903E+02   -0.217552721093567243E+02   -0.166009189815304730E+02    1
    0.740445707263211617E+01    0.999412438948283077E-01    0.365570025792146924E+00    0.568985324443761598E+00    0.207753913665868772E+02   -0.217410394311062909E+02   -0.167009189815304744E+02    1
    0.664746166403456673E+01    0.119626279940471827E+00    0.347751476121841097E+00    0.703047139966392010E+00    0.160199362975733166E+02   -0.216609408811825723E+02   -0.168009189815304723E+02    1
    0.655014070252724601E+01    0.140776360715210241E+00    0.351857092167620344E+00    0.664008471742748796E+00    0.134292629220825752E+02   -0.215741936311611333E+02   -0.169009189815304737E+02    1
    0.589542560668690374E+01    0.120262670127012972E+00    0.346542459941609038E+00    0.748316295681079602E+00    0.163483409410964420E+02   -0.215466764402119111E+02   -0.170009189815304751E+02    1
    0.794762142045455988E+01    0.954294551653672857E-01    0.363803321491280696E+00    0.529503264069488999E+00    0.130777645989717684E+02   -0.214826542448997237E+02   -0.171009189815304730E+02    1
    0.839282896635281261E+01    0.963937334706879007E-01    0.375387310398356155E+00    0.393280076328713979E+00    0.192135743229780758E+02   -0.214267368479442872E+02   -0.172009189815304744E+02    1
    0.763935528804554220E+01    0.136299727334179777E+00    0.379243008510231128E+00    0.352730273259323823E+00    0.170626970105853388E+02   -0.213855593838668021E+02   -0.173009189815304723E+02    1
    0.602798367052249429E+01    0.184479963075322578E+00    0.356683057745507626E+00    0.591343004402467343E+00    0.116961642918667330E+02   -0.212900705620091237E+02   -0.174009189815304737E+02    1
    0.616069377127394091E+01    0.965053191787417913E-01    0.351067001595558537E+00    0.731771097862095710E+00    0.243692120172401268E+02   -0.212606041425914789E+02   -0.175009189815304751E+02    1
    0.592708570104314880E+01    0.223494076992120205E+00    0.363975264503206497E+00    0.523203365239048424E+00    0.100422746382372576E+02   -0.212148179668431212E+02   -0.176009189815304730E+02    1
