    0.133422685236657513E-95    0.589573548974225560E+03    0.497383357673192492E+02    0.206785215563958291E+00    0.229592722892779433E+00    0.224064332375888275E+01    0.117547238437088026E+03
    0.671390244694734749E-88    0.553905700909564302E+03    0.327618445435723871E+02    0.712359135229463092E-01    0.372081115646307026E+00    0.112049382461487235E+01    0.630300707329629745E+03
    0.171533627576087150E-85    0.542619332807796468E+03    0.624690489647688025E+02    0.639975208540515123E-01    0.395693815769327495E+00    0.266515714879650256E+00    0.959300062352021996E+03
    0.175668451556605896E-64    0.445663120714167349E+03    0.686813506156707945E+02    0.179893499930635463E-01    0.333870494683813190E+00    0.138061118286624929E+01    0.726449179634298730E+03
    0.627641999013522510E-55    0.401469846003937164E+03    0.187673980775700322E+02    0.214966654146881958E+00    0.387572748324131799E+00   -0.680594233768498213E-02    0.947769401351551096E+03
    0.117148942267696798E-51    0.386206212865210091E+03    0.154486434789047777E+02    0.468915343483991720E+00    0.411611087866079806E+00    0.152167878942219670E+00    0.293466974684886679E+03
    0.569509221310710230E-50    0.378238385001909535E+03    0.281576905689010566E+02    0.260262163983604224E-01    0.467032909200803259E+00    0.796067428559384060E+00    0.101753487383438596E+03
    0.494144911320857836E-29    0.281613703411702772E+03    0.268478389125824179E+02    0.112492603895670534E+00    0.273600909390665670E+00    0.220258171172962491E+01    0.636025166350363065E+03
    0.160415689800133589E-27    0.274453483658863377E+03    0.107111017780252851E+03    0.125754268537764835E+00    0.191463207003980451E+00    0.309099171186902399E+01    0.394324463250998747E+03
    0.543142130588423353E-23    0.253393597857013560E+03    0.612792359222473664E+02    0.196897686192926968E-01    0.314224988679554285E+00    0.143755934287425458E+01    0.190179858217003471E+03
    0.747978211308509285E-23    0.252553592233059447E+03    0.398687631010487991E+02    0.375063070391471950E-01    0.327179184332058171E+00    0.143572336270627265E+01    0.321327752997756022E+03
    0.113628642102346887E-22    0.251517298532258451E+03    0.300188505763297364E+02    0.129042819207080578E+00    0.374782613567009759E+00    0.202684235329028656E+00    0.872518953884846837E+03
    0.240762105307641826E-20    0.240605210709530553E+03    0.332445943179096233E+02    0.260184174304612728E-01    0.254242547164584276E+00    0.220533188732163143E+01    0.112888333297821418E+04
    0.303385399372037090E-18    0.230732481114896643E+03    0.301009218700521757E+02    0.198066016668507344E-01    0.341899297090658305E+00    0.115349591018472508E+01    0.604391388725422189E+03
    0.686655267851970395E-18    0.228898824254161724E+03    0.215854562462471549E+02    0.908751659904209613E-01    0.241633860161033387E+00    0.231869801051642721E+01    0.119953399987409853E+04
    0.891787608026413105E-18    0.228176033006417640E+03    0.252484470437066975E+02    0.366166105709944470E-01    0.452439251473672754E+00    0.112962692459449496E+00    0.267050204825789820E+03
    0.140634272941009877E-17    0.227064993390300884E+03    0.472603900275688460E+02    0.213573128851333831E-01    0.422941164955105031E+00   -0.378204790242201661E+00    0.390309802335082566E+03
    0.185716809117793149E-16    0.221703702663991123E+03    0.296738859825186907E+02    0.256175397700566729E-01    0.287685201019344194E+00    0.152268509461740753E+01    0.740891317183228239E+03
    0.268515945710811686E-16    0.220766328027094403E+03    0.353005989456989582E+02    0.121250802163215543E+00    0.512756712837582174E+00   -0.542911758229874142E+00    0.333117389377681548E+02
    0.217172767160804017E-15    0.216385592044115867E+03    0.339014983398950491E+02    0.119639747461148430E+00    0.329457750983110198E+00    0.104199586189850568E+01    0.659649204892272905E+03
    0.865290277312200474E-14    0.208815678193043624E+03    0.158171923368819733E+02    0.453833893702586810E-01    0.374928147494086705E+00    0.946998351553721474E+00    0.473836684543774368E+03
    0.118501952171523808E-12    0.203381609014835902E+03    0.441549764830207003E+01    0.139780755273080953E+00    0.287406895203993651E+00    0.207801436890553282E+01    0.864554044909949880E+03
    0.154698138942803268E-12    0.202648516428953542E+03    0.319769302256412091E+01    0.125544726049287431E+00    0.634040664004051902E+00   -0.591255574344421664E+00    0.976858430704405691E+02
    0.384563759140913721E-12    0.200627248686333616E+03    0.568291449984370942E+02    0.115642210619591786E-01    0.356252268769330305E+00    0.579034045952566356E+00    0.578383344887207386E+03
    0.130682243551762599E-11    0.197980760188024135E+03    0.114599329990338319E+02    0.235092942869977672E+00    0.328709598203146824E+00    0.846975715113294836E+00    0.722250004779052460E+03
    0.220846490871688267E-11    0.196731362000323116E+03    0.310918139411907113E+02    0.255681468363219699E-01    0.311848533862470079E+00    0.123151656487378425E+01    0.616145160500646170E+03
    0.311988065053052445E-10    0.191235197643695841E+03    0.745360572334615945E+01    0.294717391521635667E-01    0.339119323162148822E+00    0.154138180289753146E+01    0.601603391722083416E+03
    0.460325698819217435E-10    0.190257258952077734E+03    0.216841969747740855E+02    0.123530979048628045E+00    0.400743519763119005E+00    0.326375608240998205E+00    0.389532646648811067E+03
    0.511393293759707566E-10    0.189846849613224975E+03    0.395728083425058443E+02    0.705601329746083500E-01    0.385284740419204685E+00    0.352802425521329011E+00    0.123411068805830780E+03
    0.140752840524228226E-08    0.183016776243483946E+03    0.407779010463795828E+02    0.365061827779639761E-01    0.403078702981103432E+00    0.783348836783565178E-01    0.897572588222526520E+02
    0.376422669251886286E-08    0.180849361875024158E+03    0.220882719178379467E+02    0.700211273363221948E-01    0.412087113643246683E+00    0.309183396155920109E+00    0.136304794489316350E+03
    0.671480517352196184E-08    0.179491817135966215E+03    0.251513528253281358E+02    0.397626177352508256E-01    0.508315589203137130E+00   -0.762892161964293214E+00    0.109095886388138979E+03
    0.397968138230944186E-07    0.175732873059049467E+03    0.397982599916562734E+02    0.946537664359862613E-01    0.380085225959760020E+00    0.285858344030813893E+00    0.272230658581457419E+03
    0.591339414240102836E-07    0.174740836638755212E+03    0.298148124114382824E+02    0.156049804364436565E-01    0.349722214233240791E+00    0.762866150676169252E+00    0.493963170413126477E+03
    0.640545681494083217E-07    0.174380976073000994E+03    0.186200752463224219E+02    0.190017598962884046E-01    0.358622453828719767E+00    0.869918892469924154E+00    0.496453173631974209E+03
    0.812302372486923470E-07    0.173705871652306030E+03    0.130713319258797629E+02    0.123136963556117654E+00    0.371500689169675880E+00    0.837272661469472768E+00    0.214946126089584311E+03
    0.890292920702646882E-07    0.173322515887893758E+03    0.242955928725896477E+02    0.467852726501044522E-01    0.579083502715555976E+00   -0.134929937684308388E+01    0.604868366321563826E+02
    0.114125211927704573E-06    0.172625854376044543E+03    0.179044913196086739E+02    0.142302286422330782E+00    0.453390701275196484E+00   -0.198783873095422114E+00    0.209998488652106857E+03
    0.336525504690167957E-06    0.170263098887349315E+03    0.615150055494976389E+01    0.145308010464749199E+00    0.343770418473692718E+00    0.993444112299763482E+00    0.223561983996011406E+03
    0.353474950723660545E-06    0.169964821523684037E+03    0.154317257850980205E+02    0.155572596731693713E-01    0.359178235407869639E+00    0.925968072847407897E+00    0.431789096025243055E+03
    0.480184608750678968E-06    0.169152105504777666E+03    0.994674750171999023E+01    0.114460420677307675E+00    0.448316773263760293E+00    0.663752065943982589E-01    0.461651248664149989E+02
    0.636114033284110641E-06    0.168389691078059428E+03    0.973773264699210372E+01    0.594800964644879512E-01    0.565697522452796475E+00   -0.318207930119461746E+00    0.266610597503731697E+02
    0.602244469689097814E-06    0.168299119850422329E+03    0.433101317473346192E+01    0.211621623974679492E-01    0.401611668503786268E+00    0.972616941029674775E+00    0.401180197808285470E+03
    0.863298150061141505E-06    0.167378926543088681E+03    0.118789864122313453E+02    0.228277536029403323E-01    0.433109102512857391E+00    0.454285231096520636E+00    0.195574232862357064E+03
    0.161325514009669027E-05    0.165928428281857350E+03    0.122596334562148321E+02    0.377386168870787256E-01    0.380531792197530305E+00    0.782510311703473294E+00    0.218419129449017760E+03
    0.189316272000883986E-05    0.165408438555198302E+03    0.988010196556507481E+01    0.133616745584268837E+00    0.400090832694602661E+00    0.647464143263267622E+00    0.116116682561868402E+03
    0.330980088920112353E-05    0.164091160143345206E+03    0.751210614026124901E+01    0.650772293904122584E-01    0.352986172963313471E+00    0.990083906943605152E+00    0.242869432655839489E+03
    0.384055612184622709E-05    0.163593701850842251E+03    0.949199622492165496E+01    0.171244028183902587E-01    0.484418084091628565E+00    0.226432133333227870E+00    0.588592975483435339E+02
    0.456154955011424000E-05    0.163049611451016119E+03    0.846732604529782584E+01    0.208348666130288192E-01    0.359728897012008386E+00    0.114299248357327432E+01    0.444389335533054805E+03
    0.461387835344590242E-05    0.162826798620382220E+03    0.107991286589510711E+02    0.117780557401341544E-01    0.364538470440764373E+00    0.975377700057419195E+00    0.300230414515610050E+03
    0.867054322738576129E-05    0.161365073320236320E+03    0.935145027315520494E+01    0.175162571358807514E-01    0.344389407094375488E+00    0.121719006668390595E+01    0.415685758728407166E+03
    0.183618807287101692E-04    0.159664382577563913E+03    0.113280394357997682E+02    0.188725778398089933E+00    0.320060878010881456E+00    0.117033634219234650E+01    0.195323367841093045E+03
    0.184053604327092330E-04    0.159459652309760941E+03    0.961968686887379576E+01    0.340618791568701507E+00    0.374689835098142798E+00    0.613104125543615264E+00    0.596886630749883125E+02
    0.231541898274682777E-04    0.158800584709416682E+03    0.634148162568015916E+01    0.349270272487561539E+00    0.304475303672661568E+00    0.125715852972676823E+01    0.579867030216883677E+03
    0.347652674276426561E-04    0.157787698557943827E+03    0.102774558308985693E+02    0.322041469788192855E-01    0.343374526024665117E+00    0.112859898739202680E+01    0.506945026324102400E+03
    0.348373542726917410E-04    0.157583555790383457E+03    0.130262676927493821E+02    0.173760074302849538E+00    0.375877574570006534E+00    0.497506588995484333E+00    0.338768308881776704E+03
    0.423858467800589762E-04    0.156991307201551848E+03    0.107069967775843686E+02    0.177099260694640256E-01    0.319626477948395715E+00    0.132862258172550685E+01    0.382496932069463867E+03
    0.386553365866632872E-04    0.156975566529486088E+03    0.117563848843284635E+02    0.123503333834053212E-01    0.320840559255325675E+00    0.129314068344089872E+01    0.467265049824690152E+03
    0.303166082486197347E-03    0.152656374645145092E+03    0.542753060599564474E+01    0.137429028472535658E+00    0.351731310152842702E+00    0.116999370653456025E+01    0.422532194483891658E+03
    0.285242673022211317E-03    0.152578255605364603E+03    0.794743419352069935E+01    0.510833153541710716E-01    0.336758920417785435E+00    0.117185657409090349E+01    0.490290953347845914E+03
    0.261555095052237794E-03    0.152551646310165552E+03    0.788756314992235463E+01    0.190945254782430213E+00    0.327563984869282010E+00    0.119975059098507764E+01    0.155248095391566267E+03
    0.251760038615709983E-03    0.152427983397586331E+03    0.751313956432274477E+01    0.107546563463925063E+00    0.403360080377456076E+00    0.647105035879314228E+00    0.213337677453680271E+03
    0.256681507767241208E-03    0.152189264115909168E+03    0.573815717177251816E+01    0.104372189658708286E+00    0.471039648361723629E+00    0.178663724705514115E+00    0.704061263897353911E+02
    0.248142918905274704E-03    0.152056926477695868E+03    0.115058816489202869E+02    0.127051793090406956E+00    0.335197974692595158E+00    0.105080724831524441E+01    0.369538909562280708E+03
    0.289825510947953121E-03    0.151546378098848123E+03    0.715787968841571054E+01    0.336956854722473692E-01    0.448365101913433761E+00    0.395079979595120701E+00    0.180045549797698243E+03
    0.352717250720182413E-03    0.150953602716847456E+03    0.962903226459851957E+01    0.218861427906430900E-01    0.309249259008978927E+00    0.137399182348109128E+01    0.804837410558313309E+03
    0.377073435721899763E-03    0.150620056293480218E+03    0.901421518996781401E+01    0.561249648475511884E-01    0.500611815624245171E+00   -0.395978193223432973E-01    0.108423638306873045E+03
    0.352761974145950313E-03    0.150553349139283426E+03    0.560202687016277245E+01    0.188601782125336834E-01    0.288715592322293824E+00    0.179416373051504352E+01    0.844154701442588248E+03
    0.341646234293637200E-03    0.150417384611767091E+03    0.681248271937715000E+01    0.115345054381121803E+00    0.439391376123926813E+00    0.442629275625058605E+00    0.106376718129204903E+03
    0.345881478564319877E-03    0.150192743872118712E+03    0.514282427379983886E+01    0.269080527297722139E+00    0.296458079188834822E+00    0.142094941597078228E+01    0.714945260644281007E+03
    0.331501187931467585E-03    0.150077673423618307E+03    0.630825945889271633E+01    0.465140863789852976E-01    0.292216247018280584E+00    0.157615196209583619E+01    0.822858187189798173E+03
    0.309035287739614834E-03    0.150018025269500612E+03    0.663970215067261371E+01    0.733774332919648470E-01    0.278435651823138841E+00    0.174393250756682794E+01    0.799275269266736359E+03
    0.282568929544717859E-03    0.149997091171440417E+03    0.768370809010499833E+01    0.100189770404739198E+00    0.294453125254465653E+00    0.149270428096452079E+01    0.797065900841490588E+03
    0.622272288368885839E-03    0.148218180690664639E+03    0.769334918410180357E+01    0.735362932366490640E-01    0.481898744530442680E+00    0.508783245343073856E-01    0.122297128920834496E+03
    0.656456009465366673E-03    0.147911224842206991E+03    0.708426575415232573E+01    0.192329030176092736E+00    0.323755193087363002E+00    0.128564856054654597E+01    0.335221696925179799E+03
    0.763574117847506213E-03    0.147408915817128303E+03    0.588848487306667501E+01    0.128090482820958623E-01    0.514536257562118182E+00    0.204318954829330435E+00    0.118529235919889231E+03
    0.698525181251461401E-03    0.147386993752835480E+03    0.795355565542275755E+01    0.143678955703386402E+00    0.317203471927083758E+00    0.132401995364569980E+01    0.367295383208726321E+03
    0.955990106802030639E-03    0.146559441080935812E+03    0.513415497779265984E+01    0.112494809453647357E+00    0.469670783614548615E+00    0.274558420913196322E+00    0.101027553646109311E+03
    0.121049295036349826E-02    0.145887370304621072E+03    0.644205919300140017E+01    0.206973845618414087E+00    0.322938682216304396E+00    0.113557987632939605E+01    0.463059815605649305E+03
    0.117307097815408899E-02    0.145750175496348419E+03    0.386993897767163864E+01    0.490441488951874782E+00    0.312947818206517125E+00    0.127523992457224478E+01    0.462623227207099490E+03
    0.137103608812839018E-02    0.145238292206460756E+03    0.490834516034445301E+01    0.266906383199563391E+00    0.290907992069419252E+00    0.156513829196778076E+01    0.524463295896038858E+03
    0.174621933725949705E-02    0.144554519507416330E+03    0.640401680831442199E+01    0.176825555880616658E+00    0.321544395118786186E+00    0.129683171765566319E+01    0.297417224575687499E+03
    0.190573791244254926E-02    0.144179687073522899E+03    0.446157376009283801E+01    0.390258629261226064E+00    0.385977877624438637E+00    0.697835625892585631E+00    0.131773576920477126E+03
    0.174761303719751619E-02    0.144152923895649565E+03    0.568413608212549271E+01    0.143043171270756053E+00    0.322738494697825840E+00    0.132173188900900618E+01    0.476935980123453533E+03
    0.178138408325204676E-02    0.143914644377880393E+03    0.626535069519763343E+01    0.109420013417102294E-01    0.546637680006336724E+00   -0.276668895464681937E-01    0.650761400764829432E+02
    0.218438786228279929E-02    0.143306754382429801E+03    0.447257148686230188E+01    0.118695096078116104E-01    0.564343053264621197E+00   -0.772481510159203077E-01    0.498110658270172735E+02
    0.233571501214786077E-02    0.142972789533301949E+03    0.643736066331050960E+01    0.240635309340468673E+00    0.357993438953121468E+00    0.907510950859162335E+00    0.329806205417078502E+03
    0.247531933574249297E-02    0.142656686827420117E+03    0.649845530022753692E+01    0.183098950308050817E+00    0.337014692034820762E+00    0.109823288444919465E+01    0.433628318743028331E+03
    0.230595462324815646E-02    0.142598436163972735E+03    0.642437611423955346E+01    0.197223530387764939E-01    0.541459762701380520E+00   -0.118735616707957126E+00    0.467173527065650660E+02
    0.274206446116754318E-02    0.142052003472545096E+03    0.377634471758935053E+01    0.359351353106656668E+00    0.323516393879244468E+00    0.123538601320406727E+01    0.315621193551897420E+03
    0.276337063359375105E-02    0.141836523294554723E+03    0.584567237263339567E+01    0.182413156576055301E-01    0.539478858303328312E+00   -0.806161561522699133E-01    0.113703433262212911E+03
    0.261426337039641181E-02    0.141747460924075114E+03    0.566176395951273026E+01    0.379179384965029065E+00    0.319524989737598075E+00    0.108604726130891360E+01    0.515024431987623643E+03
    0.281614259597696851E-02    0.141398689502321048E+03    0.644467010312061017E+01    0.180069491412965521E-01    0.549876173209614794E+00   -0.221110353163360973E+00    0.108084299460973682E+03
    0.293594784624695831E-02    0.141115364957791115E+03    0.451572021796915912E+01    0.100885799325786188E-01    0.583423742388304745E+00   -0.247088966825709300E+00    0.815692593204386185E+02
    0.314197153531148559E-02    0.140779724691149767E+03    0.468194414898890532E+01    0.417894007038404736E+00    0.339997027754303238E+00    0.876942048068453661E+00    0.468989007520492351E+03
    0.336229396643549427E-02    0.140444178713644163E+03    0.562755618440859795E+01    0.162296872172550261E-01    0.552540235053307516E+00   -0.180990822028578913E+00    0.105415102283203794E+03
    0.355718692533516564E-02    0.140131485565926283E+03    0.613044937210059082E+01    0.230900185601460722E+00    0.337179772207536199E+00    0.105838122749563235E+01    0.309384600814868804E+03
    0.347546814805726242E-02    0.139977967274283600E+03    0.383369502615775248E+01    0.371890581814135535E+00    0.311526248941034201E+00    0.131100268715877344E+01    0.402945019727882595E+03
    0.365493438166686465E-02    0.139677269371883853E+03    0.481656415608702559E+01    0.251932576637771022E+00    0.315824760504601454E+00    0.134635836852625967E+01    0.427829373192982644E+03
    0.338273624983874291E-02    0.139632055805169443E+03    0.649586282932086512E+01    0.282705425675024880E+00    0.343191232931842838E+00    0.100631865708259283E+01    0.259766895474391674E+03
    0.590855585115399474E-02    0.138316622762437817E+03    0.553790208104212400E+01    0.495105919615042855E+00    0.337249401393812320E+00    0.848478827103915756E+00    0.410593376357976240E+03
    0.576695891078422406E-02    0.138165135872455977E+03    0.495172290079484245E+01    0.122102929095062786E-01    0.568827219203346335E+00   -0.191429475294393192E+00    0.674922771536799928E+02
    0.526935911230260335E-02    0.138145608162721686E+03    0.522137889235239250E+01    0.328649272000160642E+00    0.356924776064543425E+00    0.810268688848416629E+00    0.265537697668398323E+03
    0.664911630168014099E-02    0.137480457734156147E+03    0.516825391069615048E+01    0.489726914442614347E+00    0.345722677561955682E+00    0.909486716740427248E+00    0.234130425642962450E+03
    0.113932173207675225E-01    0.136203389238956447E+03    0.356906169299538600E+01    0.510593814213993746E+00    0.358529588687720890E+00    0.790436413230031776E+00    0.226753938012508399E+03
    0.103515638807474067E-01    0.136195150436128159E+03    0.538754912137979236E+01    0.410547462059473123E+00    0.375878203072438188E+00    0.586207099931769671E+00    0.264415872496161512E+03
    0.967922477533843598E-02    0.136129462026122013E+03    0.590394900475056961E+01    0.317797831955298760E+00    0.354248668318737192E+00    0.852086211804170768E+00    0.308852376000048309E+03
    0.943477435581521404E-02    0.135980621126137038E+03    0.538030238016216700E+01    0.405570129050367212E+00    0.324959679850022942E+00    0.113225552574479882E+01    0.313992206675021180E+03
    0.107955281015100282E-01    0.135511161684486922E+03    0.650787016966108922E+01    0.403816146580016799E+00    0.336681097112026206E+00    0.956116375581771538E+00    0.307329154912230138E+03
    0.101263329287147510E-01    0.135439147148683702E+03    0.610029221785913300E+01    0.294117389006014973E+00    0.327543925285047000E+00    0.112135029739293945E+01    0.332935620265763077E+03
    0.919316061936161291E-02    0.135432506058602172E+03    0.477073501152582935E+01    0.323042113732996239E+00    0.316091013782333285E+00    0.125231938278378219E+01    0.378951104130912768E+03
    0.107197975076487335E-01    0.134925241119395594E+03    0.526400567514586282E+01    0.509682979329805219E+00    0.374397521339445538E+00    0.543813832577278999E+00    0.240015207459632052E+03
    0.113000829815076802E-01    0.134619805513525193E+03    0.493528114107437688E+01    0.375768712349829670E+00    0.320551025997084627E+00    0.119239111776203810E+01    0.407890837448651041E+03
    0.103326353942270084E-01    0.134598810909816820E+03    0.442936521733183852E+01    0.446596357082805540E+00    0.364621314450922496E+00    0.663984490278138217E+00    0.264424181746515217E+03
    0.155954307039545444E-01    0.133575469716383964E+03    0.636156938641691294E+01    0.464707829293869334E+00    0.366062155561602931E+00    0.630167812355949319E+00    0.215611526757775096E+03
    0.143900306828636734E-01    0.133536354345636084E+03    0.560987567945955501E+01    0.329159399885586734E+00    0.333156942305526671E+00    0.103160859066743127E+01    0.407072643245124027E+03
    0.144660240978586180E-01    0.133325820183394256E+03    0.438378630137788505E+01    0.503797022836355413E+00    0.404211268586773587E+00    0.362190410933451168E+00    0.105872493574974214E+03
    0.137706820310148411E-01    0.133224341968449039E+03    0.514349508119183429E+01    0.359064390314196624E+00    0.327756704333134807E+00    0.111851078393460357E+01    0.331884098821626083E+03
    0.132127514545222549E-01    0.133107060886744449E+03    0.577752383776508971E+01    0.449025748015112081E+00    0.369004768852105980E+00    0.637766627352622351E+00    0.222585383603309481E+03
    0.140054075501889735E-01    0.132790538634653416E+03    0.580335802619910890E+01    0.371488102633729722E+00    0.329058314019374742E+00    0.104046971408035605E+01    0.383120079543946076E+03
    0.139235622576500528E-01    0.132602260588938350E+03    0.528476846458385374E+01    0.402625839865846269E+00    0.345117604475447537E+00    0.873980166540418546E+00    0.372507668685053659E+03
    0.138700044400257294E-01    0.132409968543012553E+03    0.479062282951773621E+01    0.391509017320814445E+00    0.351057178633745026E+00    0.841412011666486714E+00    0.266298967978541100E+03
    0.144269178953523054E-01    0.132131234132087371E+03    0.493597025892780472E+01    0.443204403696321636E+00    0.368744452678490431E+00    0.669608876678312148E+00    0.228484809074389716E+03
    0.135162336413711410E-01    0.132061642741933525E+03    0.629515970795564073E+01    0.437710793754570004E+00    0.378568342625332954E+00    0.513365897571967600E+00    0.188060092312983670E+03
    0.122736590542949914E-01    0.132054514800499135E+03    0.489708231373604264E+01    0.385849501028927011E+00    0.328711887085324395E+00    0.104758296183983601E+01    0.387213655684487890E+03
    0.119383384246471349E-01    0.131909915776168503E+03    0.416851100721183077E+01    0.473222388472763822E+00    0.363879194218873159E+00    0.665984478462371965E+00    0.191512133464823648E+03
    0.212281365408093295E-01    0.130558770657792508E+03    0.573910432043988550E+01    0.460613377128304191E+00    0.375433538970868563E+00    0.557332969938237999E+00    0.175892558379555965E+03
    0.205452244291255658E-01    0.130424168599782575E+03    0.541737614441041959E+01    0.532939950817341690E+00    0.379748223072845226E+00    0.466886320187534842E+00    0.705074679527300532E+02
    0.186814271677606010E-01    0.130414365990448317E+03    0.455877897606264426E+01    0.553688034769141746E+00    0.409729195376056454E+00    0.250529203996712302E+00    0.858118876356580813E+02
    0.184748545612197015E-01    0.130236604462681385E+03    0.488006226663424769E+01    0.525167195378360763E+00    0.367940849137325776E+00    0.555085923104202128E+00    0.261330737566931305E+03
    0.188434561275335130E-01    0.129997094254732872E+03    0.532415033215962641E+01    0.394433297431065755E+00    0.341747704095524962E+00    0.894514000963598788E+00    0.273163303203748569E+03
    0.171310318575395512E-01    0.129987642557121745E+03    0.485987504312501883E+01    0.500935697145545311E+00    0.369980050336946087E+00    0.605213553677671268E+00    0.221322315485022898E+03
    0.195359207123905060E-01    0.129524915934257280E+03    0.585123589043799086E+01    0.453954537319053053E+00    0.365429814877592962E+00    0.643821524479591289E+00    0.189809772187332214E+03
    0.219715359206744364E-01    0.129089930064178901E+03    0.433159081664166123E+01    0.470176239585196609E+00    0.356751807687233802E+00    0.748508129091888907E+00    0.188453115574374976E+03
    0.225196611202232756E-01    0.128840648141478738E+03    0.432271485904091346E+01    0.586278519731316172E+00    0.412410136089667534E+00    0.184919020930780054E+00    0.101639636164003718E+03
    0.204198108297617420E-01    0.128836414554450300E+03    0.523284975630115312E+01    0.544253505703680807E+00    0.396378491420440016E+00    0.325527792768121327E+00    0.115223897802446459E+03
    0.200925755084981408E-01    0.128668724913617126E+03    0.595671323999586910E+01    0.464044232402002210E+00    0.382064413863744956E+00    0.442517423598291215E+00    0.138721754958030317E+03
    0.208563760509515965E-01    0.128394106237306801E+03    0.648133503288048995E+01    0.467091382316173698E+00    0.366243116187507101E+00    0.571196568350296863E+00    0.153035643294017177E+03
    0.215401578039782493E-01    0.128129587656317597E+03    0.491525291090531269E+01    0.511364068624647783E+00    0.349415021957083738E+00    0.801027705475145235E+00    0.229311562108150042E+03
    0.209693443118288657E-01    0.127983302498879809E+03    0.519674799067175464E+01    0.460768390944802486E+00    0.362184719257311327E+00    0.674554990777012642E+00    0.154560770227982971E+03
    0.204216619099488635E-01    0.127836233260283933E+03    0.494724487629641096E+01    0.469479076741023849E+00    0.337806937771887139E+00    0.897699426883147855E+00    0.245948992925252696E+03
    0.184892164123570020E-01    0.127835050320891099E+03    0.494534245484913360E+01    0.558028084216527609E+00    0.365940144356670327E+00    0.616739502417247176E+00    0.114752575827318992E+03
    0.190482030129012353E-01    0.127575480117716523E+03    0.471955705438702910E+01    0.539599182272158417E+00    0.372244635565313342E+00    0.566110668549484441E+00    0.100527215765483675E+03
    0.193301179109443590E-01    0.127346096865709796E+03    0.464598142152160243E+01    0.593299939849599056E+00    0.373743594117589284E+00    0.538561357604466218E+00    0.124206015860261061E+03
    0.190905858436007728E-01    0.127171035000352603E+03    0.571116052788241024E+01    0.525652245816028874E+00    0.355344739493983319E+00    0.674594329218193289E+00    0.211534506464165133E+03
    0.194325493936944801E-01    0.127132194501118093E+03    0.518179386409505405E+01    0.473510660618894297E+00    0.371815447728165549E+00    0.545820713603289764E+00    0.164981799094241126E+03
    0.224509579535275526E-01    0.126843426861345904E+03    0.476936571345846616E+01    0.535292731640043873E+00    0.353414406361517053E+00    0.724211149865930937E+00    0.248309807663537185E+03
    0.260998369923337512E-01    0.126542235291363824E+03    0.443447140298077258E+01    0.494886328491363769E+00    0.354526300373640135E+00    0.751761487113187021E+00    0.192467918968537447E+03
    0.350365134006134227E-01    0.125953311913552710E+03    0.468606236642840912E+01    0.512327255617321509E+00    0.355400535066847600E+00    0.734246242306245245E+00    0.203966574422898361E+03
    0.195186489550685238E-01    0.127123352698528791E+03    0.572892800881203001E+01    0.450582523436034998E+00    0.359278336984379942E+00    0.662218323926038188E+00    0.208970745276238688E+03
    0.239997017790807947E-01    0.126710010620174970E+03    0.537238460533758566E+01    0.469287196781470906E+00    0.367258747001805608E+00    0.597150542659696137E+00    0.178793125069918347E+03
    0.350107811369374106E-01    0.125954781335891070E+03    0.450378232578525228E+01    0.518163991309479544E+00    0.358438139081093954E+00    0.706284839513164675E+00    0.200056076301174926E+03
    0.300193075687421769E-01    0.126262411908424255E+03    0.475726063075129435E+01    0.518439433909995140E+00    0.362275899814880842E+00    0.662402036453739851E+00    0.199842004372167594E+03
    0.316757323993587317E-01    0.126154991732461468E+03    0.496600331796949135E+01    0.526652893696083257E+00    0.345713690852587630E+00    0.790562962389061319E+00    0.234677143734097513E+03
    0.220448342568982485E-01    0.126879936828207562E+03    0.532681346574606795E+01    0.492418674159862402E+00    0.345882782007557621E+00    0.800536442896788492E+00    0.232520288536228804E+03
