    0.175132212427125502E+02    0.119072684684664605E+02    0.188875870857407757E+01   -0.120028823027921461E+01    0.110988346670252599E+04   -0.189771412834574036E+70   -0.230091898153046470E+01    1
    0.211686341834701564E+01    0.131712298266480481E+02    0.287223462242480576E+00    0.266807922510248163E+01    0.847585639860179299E+03   -0.554947632153548879E+66   -0.240091898153046435E+01    1
    0.131219922795440382E+02    0.586047659828579359E+01    0.145859945205404284E+01   -0.470296820882027422E+01    0.480165948196350257E+03   -0.606052051518164586E+35   -0.250091898153046444E+01    1
    0.345604253586831476E+02    0.472476256919451210E+01    0.168247538262490703E+01    0.105551649627840338E+01    0.481331444865782998E+03   -0.101066034896692397E+35   -0.260091898153046497E+01    1
    0.564374876253107072E+01    0.544970796635420118E+01    0.333211610481970288E+00    0.204550446924402118E+01    0.257224771698577058E+03   -0.708063510673145712E+27   -0.270091898153046506E+01    1
    0.395007195937717484E+02    0.333694990507335465E+01    0.105313510873262661E+01   -0.163220265721662317E+00    0.242037332264580641E+03   -0.517381027810291787E+24   -0.280091898153046470E+01    1
    0.620923930660691923E+02    0.344085363380041276E+01    0.134310940305168075E+00    0.389068818856129317E+00    0.164408808009349968E+04   -0.782992522915211410E+23   -0.290091898153046479E+01    1
    0.231923661085586978E+02    0.206769896244634133E+01    0.226714733431631776E+01    0.167249071851315456E+01    0.874563680515457690E+03   -0.100214276263284258E+23   -0.300091898153046532E+01    1
    0.419316177109273553E+02    0.264718257763022802E+01    0.109734711703083812E+00    0.197696391487624723E+01    0.286886414846640264E+03   -0.191574049848061133E+19   -0.310091898153046586E+01    1
    0.461193293465616279E+02    0.208700160325812467E+01    0.945919775010032993E+00   -0.169158413300330412E+01    0.153325175273762352E+04   -0.139822697624858336E+18   -0.320091898153046506E+01    1
    0.567728183373503725E+00    0.224332086617657422E+01    0.258798141074922994E+00   -0.274600466833383194E+01    0.159651376812938724E+04   -0.135784203905710360E+17   -0.330091898153046515E+01    1
    0.453341171128966209E+02    0.174921452971793800E+01    0.617646918003211365E+00    0.856889161534116206E+00    0.140303211495230107E+04   -0.869130754436008000E+15   -0.340091898153046479E+01    1
    0.642100860264451967E+02    0.165350188720505997E+00    0.275875084420699501E+01    0.333516654897565523E+01    0.148666886747324270E+04   -0.629024309549804750E+15   -0.350091898153046488E+01    1
    0.520392782463660275E+00    0.836905627792703721E+00    0.299294792576045454E+01    0.456664418150429707E+01    0.140482369171116079E+04   -0.260538006677214781E+15   -0.360091898153046541E+01    1
    0.100019192031304229E+03    0.129964366006701870E+01    0.841535995657659130E+00    0.905650506359135909E+00    0.173747299392906399E+03   -0.520326290109842109E+14   -0.370091898153046506E+01    1
    0.771118557693493472E+02    0.636687776539470174E+00    0.740393769800928747E+00   -0.123728496428888515E+00    0.255017481135363653E+03   -0.318310831124440789E+09   -0.380091898153046559E+01    1
    0.263908011882355282E+02    0.863678163827714562E+00    0.134921068959123619E+00    0.267814042979930056E+01    0.118976592866525334E+04   -0.990384211992781609E+08   -0.390091898153046568E+01    1
    0.181381052750791341E+02    0.126919068178317618E+01    0.793435672109265355E+00   -0.436514895955934357E+01    0.125078849593833138E+04   -0.495744015010023564E+08   -0.400091898153046532E+01    1
    0.751864265709928929E+02    0.875432928000442701E+00    0.819383741561475198E+00   -0.275459724166788877E+01    0.181447983942107840E+03   -0.222421489341078326E+08   -0.410091898153046586E+01    1
    0.105330251069547298E+02    0.183080190196346332E+00    0.627308893669785150E-01    0.447052835428707773E+01    0.340891766935542478E+03   -0.487526083613591176E+07   -0.420091898153046550E+01    1
    0.532495968969497113E+02    0.727960671948669202E+00    0.838985779968336787E+00   -0.393485140407858136E+01    0.778514931658244791E+03   -0.407681087482168246E+07   -0.430091898153046603E+01    1
    0.105868044785004869E+03    0.728983656828002813E+00    0.786279335230294474E+00   -0.298168045554564998E+01    0.172777728252009439E+03   -0.161037414354442479E+07   -0.440091898153046568E+01    1
    0.121578809616544063E+02    0.234475396998439362E+00    0.258948292021295656E+00    0.385353109816935047E+00    0.506176835220715304E+03   -0.969161103845863487E+06   -0.450091898153046621E+01    1
    0.226900315219313171E+02    0.937613837580738019E+00    0.516385854554672896E+00   -0.771882550076096852E+00    0.107587310146373829E+04   -0.706311891087771393E+06   -0.460091898153046674E+01    1
    0.211442042723856360E+01    0.156259227851561711E+00    0.132158459973999287E+01   -0.269247523893412755E+01    0.615962329529726389E+03   -0.447062036537272099E+06   -0.470091898153046639E+01    1
    0.225910801125582452E+02    0.954251785801127461E+00    0.100745475646984009E+00    0.386101643008214657E+01    0.698082200198983969E+03   -0.589191118454801253E+05   -0.480091898153046603E+01    1
    0.676377449099975259E+01    0.668912088702807273E+00    0.121106070010114100E+00    0.347222427987621618E+01    0.113448679086980746E+04   -0.437471877226941651E+05   -0.490091898153046657E+01    1
    0.679983230864629036E+02    0.880254020460360720E+00    0.458912701691290115E+00   -0.314225047213581554E+01    0.121337764890191238E+04   -0.289655306991864709E+05   -0.500091898153046621E+01    1
    0.119573625234988086E+02    0.406978275266653977E+00    0.620251348030554372E+00   -0.132861290655728670E+01    0.120544678259515058E+04   -0.174967044335314749E+05   -0.510091898153046674E+01    1
    0.806761714157769205E+02    0.363839654609238283E+00    0.554280979973411303E+00   -0.132674590657614666E+01    0.104625100010468122E+04   -0.148754788154375528E+05   -0.520091898153046639E+01    1
    0.541869771513090370E+02    0.581678251046902406E+00    0.237849999964483749E+00    0.123523977120613915E+01    0.291530250360194941E+03   -0.141349475403882516E+05   -0.530091898153046692E+01    1
    0.993330197266479331E+02    0.125990913899798085E+01    0.521952748230312680E+00   -0.332667355759738870E+01    0.485764918604780007E+03   -0.141199177223943079E+05   -0.540091898153046657E+01    1
    0.339339278628554410E+02    0.244496194549644330E+00    0.887850929688173918E+00   -0.406307978010982307E+01    0.518193713395896566E+03   -0.129787175818608157E+05   -0.550091898153046710E+01    1
    0.292470716569573916E+02    0.452644740635086362E+00    0.436860321781650185E+00   -0.168418627253335762E+01    0.358219934054361147E+03   -0.808305793667276703E+04   -0.560091898153046674E+01    1
    0.139889127807730809E+02    0.731748291465318723E+00    0.355668307823799379E+00    0.101891366520719218E+01    0.122696886274605868E+04   -0.566597962497275512E+04   -0.570091898153046639E+01    1
    0.479642750401486353E+02    0.122087707818544899E+01    0.276996176723135534E+00    0.602005544450758157E+00    0.210275856758204327E+01   -0.443850444746677204E+04   -0.580091898153046692E+01    1
    0.821832928925430792E+02    0.326347175749478968E+00    0.475021816648758810E+00   -0.155610834978457868E+01    0.123911695138566392E+04   -0.924718386258998635E+03   -0.590091898153046746E+01    1
    0.270606953878698242E+02    0.377943742183819653E+00    0.459090259078104634E+00   -0.679300956369224829E+00    0.115523254102390229E+04   -0.913198914497278338E+03   -0.600091898153046710E+01    1
    0.172619395774708018E+02    0.410333910070211028E+00    0.483776851640930816E+00   -0.359321909688166630E+00    0.549010882976275070E+03   -0.611754656181735413E+03   -0.610091898153046763E+01    1
    0.563886015807551502E+02    0.327925652641532728E+00    0.308254059997176810E+00    0.433403409473615830E+00    0.229909644730199125E+04   -0.459625913617849676E+03   -0.620091898153046728E+01    1
    0.989553482229590742E+01    0.458515415719152164E+00    0.304249238748741491E+00    0.193693578721365789E+01    0.970730795648335402E+03   -0.360748722398318137E+03   -0.630091898153046603E+01    1
    0.737108138649883244E+02    0.144627046017471783E+00    0.501285967848393299E+00   -0.170034493355146621E+01    0.379563867937459463E+03   -0.347770478943728733E+03   -0.640091898153046657E+01    1
    0.208485947715139623E+02    0.609722214822727371E+00    0.587111495742504763E+00   -0.177651172354769527E+01    0.137339404830939685E+03   -0.316342732076427978E+03   -0.650091898153046799E+01    1
    0.279709195995916149E+01    0.403068380950020066E+00    0.384676454651814659E+00    0.578657648999417629E+00    0.947736730727108778E+02   -0.241481990520639187E+03   -0.660091898153046763E+01    1
    0.239937990897153774E+01    0.926857741944112190E+00    0.263068366694781508E+00    0.204077146481732230E+01    0.883491288222959724E+03   -0.220895509317110225E+03   -0.670091898153046817E+01    1
    0.465971438357557304E+02    0.272197117424719193E+00    0.327022270064491249E+00    0.747944024632368976E+00    0.133292143209974211E+04   -0.141550023652469008E+03   -0.680091898153046692E+01    1
    0.235699101924405596E+02    0.144935939508617717E+00    0.334091295081547224E+00    0.107347290955487984E+01    0.132921852890611399E+04   -0.132043007910229704E+03   -0.690091898153046746E+01    1
    0.483457175107699584E+02    0.639455243762411141E+00    0.220517022888866487E+00    0.215687308154910484E+01    0.107974924456198869E+04   -0.103777550907308353E+03   -0.700091898153046710E+01    1
    0.255516863841972324E+02    0.477590065652894913E+00    0.241387214501458308E+00    0.173948165802968591E+01    0.106590001057119707E+04   -0.103771024705610003E+03   -0.710091898153046674E+01    1
    0.298796152923559255E+02    0.221675627673233289E+00    0.311597469090686252E+00    0.148674766186348561E+01    0.867220138642621464E+03   -0.103770808975289555E+03   -0.720091898153046728E+01    1
    0.122549835319727016E+02    0.359981793059378552E+00    0.299129820259177948E+00    0.111068956008064412E+01    0.142509190059907633E+04   -0.103415427408155011E+03   -0.730091898153046781E+01    1
    0.203297295841159382E+02    0.384734304444426856E+00    0.253327084083031007E+00    0.158988729804431217E+01    0.194311638134535042E+04   -0.965549420695990790E+02   -0.740091898153046834E+01    1
    0.164522278082172093E+02    0.234287459557034089E+00    0.224075203179758736E+00    0.298916692800904604E+01    0.890873388129713703E+03   -0.939322961247831643E+02   -0.750091898153046799E+01    1
    0.284204489930489430E+02    0.371453376058038742E+00    0.291231869932159326E+00    0.954761501827220305E+00    0.121639113936439935E+04   -0.914486965657718258E+02   -0.760091898153046852E+01    1
    0.373872176218303309E+02    0.615501627181755828E+00    0.273848184879855849E+00    0.127690634680138970E+01    0.869396527628906142E+03   -0.899478550994334967E+02   -0.770091898153046639E+01    1
    0.171411220810407201E+02    0.546058577066053430E+00    0.153928482875349382E+00    0.369125109716049149E+01    0.676948493940762091E+03   -0.857880354231310491E+02   -0.780091898153046781E+01    1
    0.323603747329522520E+02    0.200311722223086797E+00    0.503858120142175459E+00   -0.838350139622816570E+00    0.272510128455312099E+03   -0.849474079932588779E+02   -0.790091898153046834E+01    1
    0.468618341553268323E+02    0.281191628483310252E+00    0.202859405000205967E+00    0.284904987193042647E+01    0.113949809340142610E+04   -0.821234246833545143E+02   -0.800091898153046799E+01    1
    0.589153630885243729E+02    0.176475811595908638E+00    0.424212096277144846E+00    0.371959454359819364E+00    0.758643604745020070E+02   -0.774456159385145213E+02   -0.810091898153046763E+01    1
    0.284848982906745185E+02    0.487635153190011772E+00    0.161208731306568848E+00    0.343284553962881311E+01    0.438829138859110969E+03   -0.743681274444547995E+02   -0.820091898153046728E+01    1
    0.695230882695576327E+02    0.310647302368809719E+00    0.336920670714577486E+00    0.815097468316361207E+00    0.298721480254399467E+03   -0.733726661920324545E+02   -0.830091898153046870E+01    1
    0.448388206142729331E+02    0.148070684879409442E+00    0.452497760916916902E+00   -0.469876370527514520E+00    0.287212671727434440E+03   -0.714276121985000430E+02   -0.840091898153046834E+01    1
    0.198946507742748651E+02    0.468473202760290308E+00    0.253114796830265831E+00    0.160624542183951635E+01    0.583700394958857942E+03   -0.647121451622930408E+02   -0.850091898153046799E+01    1
    0.568201609761037076E+02    0.309432269711673036E+00    0.266980982210721030E+00    0.142164378832796756E+01    0.654365283605387958E+03   -0.635326313810843502E+02   -0.860091898153046763E+01    1
    0.101659422062139342E+02    0.553301174456176659E+00    0.233969816325902302E+00    0.195853283105007980E+01    0.217613809158259642E+03   -0.628097914158641402E+02   -0.870091898153046728E+01    1
    0.273031223117833548E+02    0.326737472469460721E+00    0.307982001920812432E+00    0.793908583294215653E+00    0.386217317783223564E+03   -0.627382317124896929E+02   -0.880091898153046870E+01    1
    0.423967568338099170E+02    0.184946260486231917E+00    0.243874957979056117E+00    0.184313185424232584E+01    0.513801741780623615E+03   -0.611584635081885324E+02   -0.890091898153046834E+01    1
    0.553557081431116327E+01    0.601887942668297482E+00    0.201605293606265168E+00    0.255834211948754175E+01    0.401832621360106486E+03   -0.606900669423173582E+02   -0.900091898153046799E+01    1
    0.337080433148282523E+02    0.408809844174541859E+00    0.310909637899235924E+00    0.819108072323980752E+00    0.724776176080636674E+03   -0.595224397315329128E+02   -0.910091898153046941E+01    1
    0.358212611168895378E+02    0.238030442508420259E+00    0.455877805011344783E+00   -0.443650188305111992E+00    0.159332373358160623E+03   -0.587748434807470304E+02   -0.920091898153046905E+01    1
    0.317937261193397056E+02    0.228786668220257783E+00    0.349710472955512386E+00    0.565489239410553512E+00    0.393052212553972822E+03   -0.586477797100808260E+02   -0.930091898153046870E+01    1
    0.256300742677241828E+02    0.278973959626247603E+00    0.329701846403063104E+00    0.741645582300454631E+00    0.111012973129411307E+03   -0.585776924816933047E+02   -0.940091898153046834E+01    1
    0.833571699182597285E+02    0.149860067528235441E+00    0.337634452793207807E+00    0.595223361745465418E+00    0.228784506489684503E+03   -0.582806403970728510E+02   -0.950091898153046799E+01    1
    0.571740408729085487E+02    0.174499688890275201E+00    0.266479107162136186E+00    0.146132307859450927E+01    0.788670749065820587E+03   -0.574703574269989304E+02   -0.960091898153046941E+01    1
    0.833181169649741094E+02    0.355745048551890874E+00    0.328813159168118763E+00    0.400677041645282672E+00    0.484959687899636037E+03   -0.571068733727993347E+02   -0.970091898153046905E+01    1
    0.104625918723120463E+02    0.255598504854702147E+00    0.215723818198534867E+00    0.235013016636085803E+01    0.293763392167880284E+03   -0.535350473656841217E+02   -0.980091898153046870E+01    1
    0.156655879250146093E+02    0.199327630655699500E+00    0.237115585723093741E+00    0.209966487857635409E+01    0.454205276043448123E+03   -0.522006430111534598E+02   -0.990091898153046834E+01    1
    0.193225375488281657E+02    0.302675138922623599E+00    0.260177789472756937E+00    0.165982815506395864E+01    0.145339225693710659E+03   -0.520937084199260596E+02   -0.100009189815304698E+02    1
    0.330102275759106476E+02    0.380524188356214821E+00    0.318028256863045478E+00    0.757762792080118652E+00    0.520931766631119899E+03   -0.513036961757276515E+02   -0.101009189815304694E+02    1
    0.222622988439975238E+02    0.289135226575150894E+00    0.258065113030178317E+00    0.164731545057915074E+01    0.282263522376931689E+03   -0.512159507186077860E+02   -0.102009189815304691E+02    1
    0.129819836903792307E+02    0.424942374889333563E+00    0.235529196254120832E+00    0.201606994111414339E+01    0.831222288158741321E+03   -0.507463088702947260E+02   -0.103009189815304687E+02    1
    0.329271090781973896E+02    0.469940412480073400E+00    0.294090302118084346E+00    0.100301866093703818E+01    0.373561883675542163E+03   -0.505585883079439284E+02   -0.104009189815304683E+02    1
    0.459984853632296335E+02    0.364748038694763854E+00    0.317753621496410676E+00    0.641895974328421492E+00    0.240345732356105884E+03   -0.502727045504796592E+02   -0.105009189815304680E+02    1
    0.419589722679680648E+02    0.652437853341367391E+00    0.365260184032106527E+00    0.267489395307866505E-03    0.916913816651909883E+02   -0.496817905607190298E+02   -0.106009189815304694E+02    1
    0.172540520634392713E+02    0.623988679824622916E+00    0.301259103541906104E+00    0.893922322871190334E+00    0.430420266316404252E+02   -0.495169824187736367E+02   -0.107009189815304691E+02    1
    0.929660862428634616E+01    0.304048264178521710E+00    0.246646415317625156E+00    0.183660984464164234E+01    0.139345845693655548E+02   -0.491677148122490308E+02   -0.108009189815304687E+02    1
    0.159964907629648447E+02    0.333308561998808373E+00    0.242804623307672968E+00    0.190083272431240879E+01    0.883073127615289309E+03   -0.489762986142145280E+02   -0.109009189815304701E+02    1
    0.682503306215575023E+01    0.721891637095919636E+00    0.260474039078370523E+00    0.153687963408591677E+01    0.689295387255177616E+03   -0.489109868157952334E+02   -0.110009189815304698E+02    1
    0.202368859104286187E+02    0.226390045133142703E+00    0.264830217736599649E+00    0.166917863349672269E+01    0.658581554350876786E+03   -0.485941316902582301E+02   -0.111009189815304694E+02    1
    0.607432864504357539E+01    0.340997129003513699E+00    0.269389345206086095E+00    0.164070586760506210E+01    0.578361304152079811E+03   -0.481416415328701106E+02   -0.112009189815304691E+02    1
    0.159528902016948866E+02    0.359434833861296432E+00    0.282188684595635564E+00    0.134660702146983779E+01    0.769216253390605061E+03   -0.465823478602050614E+02   -0.113009189815304705E+02    1
    0.114403020778245317E+02    0.336292838759918333E+00    0.286097714344659471E+00    0.137967013880429379E+01    0.657102959800085955E+03   -0.459809715663969314E+02   -0.114009189815304701E+02    1
    0.652796666082936738E+01    0.336316217660989347E+00    0.226098864233633345E+00    0.221235202650625062E+01    0.635987850981465954E+03   -0.457891984037730850E+02   -0.115009189815304698E+02    1
    0.158950078575036553E+02    0.391124593543964671E+00    0.260071681802090116E+00    0.162224964313224507E+01    0.612944104830774677E+03   -0.455818128130395266E+02   -0.116009189815304694E+02    1
    0.116382925446253047E+02    0.424707046788918519E+00    0.260426389997872432E+00    0.164845000563277666E+01    0.883002986906504134E+03   -0.446848499576117177E+02   -0.117009189815304691E+02    1
    0.893193217050420785E+01    0.625777334462097601E+00    0.327961932299103920E+00    0.736384199790555583E+00    0.308033221438344697E+03   -0.443585636454064272E+02   -0.118009189815304705E+02    1
    0.150005116997705645E+02    0.345806666995973566E+00    0.279566118322950030E+00    0.142085362791052505E+01    0.416071504415128061E+03   -0.443393336549574713E+02   -0.119009189815304701E+02    1
    0.940116014187561788E+01    0.498736862422178018E+00    0.278461678559594306E+00    0.141270606978456081E+01    0.735362395126495358E+03   -0.441314289519633647E+02   -0.120009189815304698E+02    1
    0.545250252151967807E+01    0.739367604289556057E+00    0.303371862693778860E+00    0.947711522966508846E+00    0.297016782357614034E+03   -0.437692709506868454E+02   -0.121009189815304694E+02    1
    0.126217586085382472E+02    0.667460671165113539E+00    0.336509333549510681E+00    0.603762167675705452E+00    0.234155284223269774E+03   -0.437325895950676511E+02   -0.122009189815304691E+02    1
    0.840902839122426293E+01    0.599684756368204064E+00    0.263515126643207032E+00    0.149292692883845945E+01    0.451964047042901143E+03   -0.435952674518577439E+02   -0.123009189815304705E+02    1
    0.969232306574862079E+01    0.939166087178936571E+00    0.329678843146617273E+00    0.586307589387644712E+00    0.180259329317745028E+03   -0.434723929362351100E+02   -0.124009189815304701E+02    1
    0.135965200432525730E+02    0.423638103931115007E+00    0.265176692891747945E+00    0.153905762935125034E+01    0.477195351937510452E+03   -0.430882209389268453E+02   -0.125009189815304698E+02    1
    0.145565651757458756E+02    0.348687037016215340E+00    0.266925305457174356E+00    0.156232248290623810E+01    0.603939567562273282E+03   -0.430564814807009384E+02   -0.126009189815304712E+02    1
    0.147045428775126013E+02    0.361394038242573323E+00    0.266058148853994980E+00    0.152099909045284698E+01    0.516733632392942241E+03   -0.430109700196162521E+02   -0.127009189815304708E+02    1
    0.114147638786497367E+02    0.321376106450517340E+00    0.271631610339068463E+00    0.151691812747738952E+01    0.421898483909256186E+03   -0.429852373860392518E+02   -0.128009189815304705E+02    1
    0.150296829902814437E+02    0.539040724073966193E+00    0.288483374692075800E+00    0.117306041480981649E+01    0.334384086673477952E+03   -0.424137449571755880E+02   -0.129009189815304701E+02    1
    0.110532510271750013E+02    0.488744105868154810E+00    0.290171679039786357E+00    0.125089522906196926E+01    0.511722591300330521E+03   -0.423358314357522616E+02   -0.130009189815304698E+02    1
    0.805003591492824633E+01    0.422317432998588593E+00    0.245393878857271514E+00    0.185340760398487925E+01    0.882210998109302977E+03   -0.419314472055004686E+02   -0.131009189815304712E+02    1
    0.116270968253481595E+02    0.360627356257578024E+00    0.258812057919481586E+00    0.166247040131884827E+01    0.471089189801846885E+03   -0.419041467973719080E+02   -0.132009189815304708E+02    1
    0.994510736934129902E+01    0.852517204188884770E+00    0.323226890554373092E+00    0.704865725919163300E+00    0.111302846825144371E+03   -0.415575532016808467E+02   -0.133009189815304705E+02    1
    0.786086550089968839E+01    0.714287198289476843E+00    0.279755978060379606E+00    0.126146267570160764E+01    0.498413614903239761E+03   -0.410858364628485120E+02   -0.134009189815304701E+02    1
    0.949133445206080495E+01    0.385951700519100993E+00    0.258057564175344978E+00    0.172223284350820061E+01    0.686503901584172240E+03   -0.409842194777486526E+02   -0.135009189815304715E+02    1
    0.948315550771635785E+01    0.314654785163773043E+00    0.249248790764418582E+00    0.181235207174464996E+01    0.594073962978354530E+03   -0.408723851888797753E+02   -0.136009189815304712E+02    1
    0.807044838075730198E+01    0.472057506981800157E+00    0.277962814827101112E+00    0.143045888835994450E+01    0.353044818795593812E+03   -0.408224115279800301E+02   -0.137009189815304708E+02    1
    0.680525156986509216E+01    0.549750506878941780E+00    0.265915863903345484E+00    0.151187662639232512E+01    0.330497399769609785E+03   -0.407535684165623309E+02   -0.138009189815304723E+02    1
    0.898790018416577219E+01    0.420243863244160076E+00    0.264749021014210495E+00    0.155761532863790886E+01    0.704911661778077928E+03   -0.406795812858458063E+02   -0.139009189815304701E+02    1
    0.737990716614726949E+01    0.554296634955048106E+00    0.273650194557309767E+00    0.138817640040550927E+01    0.342896771047429297E+03   -0.405239787413313408E+02   -0.140009189815304715E+02    1
    0.438607731381180699E+01    0.121791113951870500E+01    0.309920710629165763E+00    0.742388395633591824E+00    0.127793878424926959E+03   -0.405169899799122533E+02   -0.141009189815304712E+02    1
    0.730027650979345388E+01    0.437627301485974118E+00    0.249749665763785406E+00    0.180391651093722638E+01    0.597897286627083076E+03   -0.404374162389765672E+02   -0.142009189815304708E+02    1
    0.710082886490324672E+01    0.421564626770541295E+00    0.251199792752815954E+00    0.180212596652279133E+01    0.750557794563319476E+03   -0.402112425769746764E+02   -0.143009189815304723E+02    1
    0.101227423679309467E+02    0.794885211811886205E+00    0.312449407047250882E+00    0.844256036517377795E+00    0.214211494538623924E+03   -0.400977936912861068E+02   -0.144009189815304719E+02    1
    0.832576963047452523E+01    0.393398537246944846E+00    0.260222316800889752E+00    0.168206499467953541E+01    0.531445519871199849E+03   -0.400797846918097278E+02   -0.145009189815304715E+02    1
    0.864733034597725059E+01    0.537619980931413055E+00    0.287904405426529508E+00    0.123942553775178022E+01    0.325308012065908429E+03   -0.400068575934806958E+02   -0.146009189815304712E+02    1
    0.621329993117837454E+01    0.749840950583773314E+00    0.277698555170065919E+00    0.135192128832527914E+01    0.426511221581743769E+03   -0.398598977750263685E+02   -0.147009189815304708E+02    1
    0.967088469786100191E+01    0.726368725411705829E+00    0.315600600874443915E+00    0.842932808155270274E+00    0.181524424221023708E+03   -0.396203251194801496E+02   -0.148009189815304723E+02    1
    0.762513566265036147E+01    0.749488812646362246E+00    0.315058110527261348E+00    0.783600526577378109E+00    0.330411824723476855E+03   -0.396061431901372174E+02   -0.149009189815304719E+02    1
    0.101230398595176858E+02    0.549467804820352734E+00    0.279435827763874045E+00    0.132496153658120730E+01    0.379133931483150320E+03   -0.395303082377020800E+02   -0.150009189815304715E+02    1
    0.763264165453894083E+01    0.798699713419174784E+00    0.289313299386521561E+00    0.109367409785882597E+01    0.348760754288855139E+03   -0.391875165887775907E+02   -0.151009189815304730E+02    1
    0.846912195779548860E+01    0.576949057246492147E+00    0.283038988401443037E+00    0.129558248627042150E+01    0.452160551619161254E+03   -0.388105854436672217E+02   -0.152009189815304726E+02    1
    0.867081298102966969E+01    0.821219968616820672E+00    0.303423153360614817E+00    0.949918683279780685E+00    0.188360850417599863E+03   -0.387842338620546059E+02   -0.153009189815304723E+02    1
    0.894676730074480808E+01    0.682460731287756639E+00    0.310808399377349776E+00    0.884608600272336454E+00    0.224305902824575895E+03   -0.384146412539441116E+02   -0.154009189815304719E+02    1
    0.774021951314141887E+01    0.713353477880098952E+00    0.297644622970661799E+00    0.104103691620815741E+01    0.382870514597691624E+03   -0.380977314012918029E+02   -0.155009189815304715E+02    1
    0.580242880631012881E+01    0.944179182283905405E+00    0.316614015963070206E+00    0.783542052452087079E+00    0.223795754819224271E+03   -0.380232570617467616E+02   -0.156009189815304730E+02    1
    0.565855443749075349E+01    0.740279839521596372E+00    0.286702221513105038E+00    0.119451951420919844E+01    0.270785434042941290E+03   -0.379601526313247888E+02   -0.157009189815304726E+02    1
    0.941737579476993147E+01    0.899512846070322003E+00    0.341177542939275436E+00    0.413435672209526595E+00    0.972689625108849327E+02   -0.375989136393539383E+02   -0.158009189815304723E+02    1
    0.704770417132656135E+01    0.803467273667775705E+00    0.303009299165816481E+00    0.992451974024889161E+00    0.188867059717916106E+03   -0.375404322957768954E+02   -0.159009189815304737E+02    1
    0.800329780725320994E+01    0.732096949499796201E+00    0.301020527981099739E+00    0.978165244524804800E+00    0.187413315676357485E+03   -0.374465426891728370E+02   -0.160009189815304715E+02    1
    0.822663830339831215E+01    0.795599388002832253E+00    0.308153212275080080E+00    0.882799903998392921E+00    0.161112259108153296E+03   -0.372827831485136443E+02   -0.161009189815304730E+02    1
    0.611551399711678290E+01    0.829250799281663897E+00    0.309367935489561929E+00    0.856948611560020113E+00    0.296225861340322581E+03   -0.370767686010984150E+02   -0.162009189815304708E+02    1
    0.456044313540362634E+01    0.984235507349203065E+00    0.308168821463590425E+00    0.865780361823380140E+00    0.212454734453910731E+03   -0.370289054600663547E+02   -0.163009189815304723E+02    1
    0.876948339828681789E+01    0.857320987341134488E+00    0.321611819855491587E+00    0.678454489423126361E+00    0.133886861184861857E+03   -0.369858209361685013E+02   -0.164009189815304737E+02    1
    0.530426790460110276E+01    0.976796601104301776E+00    0.299645307026864427E+00    0.953494751124089324E+00    0.183212469444823626E+03   -0.369723712613679112E+02   -0.165009189815304715E+02    1
    0.644922605904692858E+01    0.954835499667000320E+00    0.302808115051676707E+00    0.889190396105027148E+00    0.202526815693340353E+03   -0.369249817810176566E+02   -0.166009189815304730E+02    1
    0.480418462291812887E+01    0.962424599791449231E+00    0.327374457097475369E+00    0.632119033743997361E+00    0.182175032823412664E+03   -0.368926888512463904E+02   -0.167009189815304744E+02    1
    0.849067349498213453E+01    0.764791520417274495E+00    0.311798787900694374E+00    0.835085807266044422E+00    0.188286010293606410E+03   -0.368689991586538213E+02   -0.168009189815304723E+02    1
    0.560618755098545574E+01    0.842483272336664091E+00    0.295984850467980454E+00    0.106684229875734160E+01    0.213579394118447055E+03   -0.368578563883933441E+02   -0.169009189815304737E+02    1
    0.560003436524216625E+01    0.808769775134819402E+00    0.296471482992014701E+00    0.106482651635844161E+01    0.252733812261699740E+03   -0.367265941303096000E+02   -0.170009189815304751E+02    1
    0.755566483191116767E+01    0.742461582548234578E+00    0.304618311462220626E+00    0.948757096633241481E+00    0.263631168541463467E+03   -0.367199438289566231E+02   -0.171009189815304730E+02    1
    0.721677889802615624E+01    0.779972124606681416E+00    0.298912119994352465E+00    0.101329557724308894E+01    0.242064444724838836E+03   -0.364242826640325461E+02   -0.172009189815304744E+02    1
    0.481980151846203420E+01    0.962592281566905350E+00    0.303292398524809603E+00    0.903214921319741015E+00    0.152623682140545526E+03   -0.364063189299223566E+02   -0.173009189815304723E+02    1
    0.770113883548425804E+01    0.836866211600374665E+00    0.321740617908329085E+00    0.656254523589507643E+00    0.121896576659665058E+03   -0.363713518101366660E+02   -0.174009189815304737E+02    1
    0.641210720885499974E+01    0.877056969938442954E+00    0.332289224856818111E+00    0.548254005079731099E+00    0.170759082290946793E+03   -0.361720629813529158E+02   -0.175009189815304751E+02    1
    0.519492770259255998E+01    0.959184531342003099E+00    0.307264966776521098E+00    0.839064270334863305E+00    0.238170637141533803E+03   -0.359943807652251735E+02   -0.176009189815304730E+02    1
    0.538330612403924569E+01    0.882692525062369171E+00    0.305588544039832821E+00    0.882284640899517636E+00    0.245557192748127363E+03   -0.359888639833679775E+02   -0.177009189815304744E+02    1
    0.559775958399433460E+01    0.100068649087031525E+01    0.352685222917936247E+00    0.278505672084597256E+00    0.765673926676550991E+02   -0.359218743561964828E+02   -0.178009189815304723E+02    1
    0.577828464288860921E+01    0.891838776202311334E+00    0.320388964526299613E+00    0.666685765374472772E+00    0.182978392119214959E+03   -0.358296137893780795E+02   -0.179009189815304737E+02    1
    0.686095016827544235E+01    0.828991298943842936E+00    0.304214797941148973E+00    0.901915177635326026E+00    0.218974238464896672E+03   -0.355588790699920878E+02   -0.180009189815304751E+02    1
    0.593637958867758631E+01    0.100082246140565645E+01    0.309760103823553345E+00    0.775698938889434308E+00    0.139359032785362103E+03   -0.354764613441853456E+02   -0.181009189815304730E+02    1
    0.653814213775828623E+01    0.109905704187765485E+01    0.347041960075127831E+00    0.288398567753621327E+00    0.605026759450483382E+02   -0.352109952397209511E+02   -0.182009189815304744E+02    1
    0.475900160723279875E+01    0.103618456566329087E+01    0.314745920205836638E+00    0.734830015587912722E+00    0.135287205546453976E+03   -0.349579137058261082E+02   -0.183009189815304758E+02    1
    0.441802602932919353E+01    0.105072412885894906E+01    0.325121997642550620E+00    0.599470350128712970E+00    0.140049475725819349E+03   -0.349005499080524544E+02   -0.184009189815304737E+02    1
    0.620106838685649109E+01    0.962674233786060207E+00    0.336055890338441410E+00    0.464789099434332109E+00    0.883913851367456402E+02   -0.348552852151012758E+02   -0.185009189815304751E+02    1
    0.486087611636862693E+01    0.110813055382860148E+01    0.326101381304654103E+00    0.568519348382475864E+00    0.828169493521586020E+02   -0.347762294988252805E+02   -0.186009189815304730E+02    1
    0.513928344965832284E+01    0.112961726186458256E+01    0.339165729892027590E+00    0.411470798987079445E+00    0.944751708702586939E+02   -0.347454037969258067E+02   -0.187009189815304744E+02    1
    0.438726025198965974E+01    0.117971958817849032E+01    0.335618406885343279E+00    0.418504726174837693E+00    0.111622945437831930E+03   -0.346095397033682204E+02   -0.188009189815304723E+02    1
    0.583777812948389485E+01    0.963047363069061801E+00    0.334299795996287841E+00    0.513204564720885048E+00    0.127573204428796146E+03   -0.345881262934355291E+02   -0.189009189815304737E+02    1
    0.432674295527051989E+01    0.126283054364295211E+01    0.349711412375088626E+00    0.226116412025444302E+00    0.649660619250366977E+02   -0.345749887126296187E+02   -0.190009189815304751E+02    1
    0.524787505058197379E+01    0.102365572099769020E+01    0.314689339673750734E+00    0.722665882947938765E+00    0.156277891661403089E+03   -0.344878037399212189E+02   -0.191009189815304730E+02    1
    0.503433270736386262E+01    0.116999601746423210E+01    0.358993779196674911E+00    0.137701967594958424E+00    0.493799240514061140E+02   -0.342998090071321258E+02   -0.192009189815304744E+02    1
    0.595944195030453816E+01    0.103519029195760837E+01    0.352668032515735197E+00    0.252671467509728076E+00    0.958114833446437899E+02   -0.342862590210109346E+02   -0.193009189815304758E+02    1
    0.560211007386975623E+01    0.985778490281274955E+00    0.315817934968233127E+00    0.690664139397220378E+00    0.133872715189243053E+03   -0.341357199805329969E+02   -0.194009189815304737E+02    1
    0.539331718667781246E+01    0.106531460977436621E+01    0.344049702874855590E+00    0.364315432357971203E+00    0.903581026832895873E+02   -0.341266545609215797E+02   -0.195009189815304751E+02    1
    0.532030080830552787E+01    0.998084450772767195E+00    0.324511085956852074E+00    0.608937301278820842E+00    0.118313435846017157E+03   -0.339883512277604112E+02   -0.196009189815304765E+02    1
    0.660837797631947055E+01    0.965254815275055855E+00    0.333376531055104952E+00    0.493946176891942035E+00    0.118227869771314985E+03   -0.339840672046980146E+02   -0.197009189815304744E+02    1
    0.493772314148214875E+01    0.106073293208662633E+01    0.338041451121632919E+00    0.434477106102109933E+00    0.110603944673167916E+03   -0.339227057077665535E+02   -0.198009189815304758E+02    1
    0.489046641476557564E+01    0.116433568186224190E+01    0.336545660885204989E+00    0.411746666918094917E+00    0.759112311670856457E+02   -0.339106753752097916E+02   -0.199009189815304737E+02    1
