    0.131242186807340210E-68    0.407234158339840064E+03    0.115979831696136806E+02    0.494167849250252034E+00    0.244262657762516350E+00    0.251712759433810929E+01    0.140113628917897449E+04
    0.743371968220815969E-64    0.385145173237872768E+03    0.301448660890115754E+02    0.570807986001950707E+00    0.334940159398010695E+00    0.927953266713681502E+00    0.634718806929313132E+03
    0.785493453099590376E-62    0.375624601719199006E+03    0.178272249812320176E+02    0.438852241280686395E+00    0.164250221132687640E+00    0.303785778690568842E+01    0.345058792292752059E+03
    0.539587448135760402E-59    0.362360105681894368E+03    0.170209184756106815E+02    0.269784835342472662E+00    0.422795333850879362E+00    0.816947685001502694E-01    0.809665744018147734E+03
    0.130963072351774102E-58    0.360386714435148690E+03    0.264945640349312974E+02    0.660692302037204304E+00    0.362203239069883054E+00   -0.310196115410330875E+00    0.755715706598213274E+03
    0.634333053614479177E-51    0.324795205643942552E+03    0.182462613754153047E+02    0.543796418134411264E+00    0.305576519193308693E+00    0.597419248737558584E+00    0.123039776835490102E+04
    0.418696181478199748E-32    0.237927829279421474E+03    0.194956337953484482E+01    0.131857651478135618E+01    0.166603487448931525E+00    0.315207747100462932E+01    0.102120280887213175E+04
    0.786129527719064502E-32    0.236467877240718622E+03    0.278899032668786440E+02    0.514005185713621637E+00    0.328972507614454901E+00    0.104056384080316477E+01    0.552427372527753505E+03
    0.137761911253394759E-27    0.216725215626806488E+03    0.181408975825378804E+01    0.225620417206264662E+00    0.300268708995601763E+00    0.205515402058173491E+01    0.319937456407720731E+03
    0.142605765327186021E-24    0.202640591023135130E+03    0.721674545677731061E+01    0.388626382148259286E+00    0.300809638532085033E+00    0.115185803868339298E+01    0.156969708117172149E+04
    0.282400454719770166E-23    0.196468936479971148E+03    0.993210788170805969E+01    0.580845667374428110E+00    0.140322139838982257E+00    0.351632089876075593E+01    0.175092489191428768E+03
    0.841016253363605870E-22    0.189481196553571294E+03    0.218466626861252600E+02    0.493850925958377485E+00    0.422627170683323283E+00   -0.515782605460011978E+00    0.393877739648792669E+03
    0.386977730438498879E-15    0.158597492929121984E+03    0.231070568056820225E+01    0.287927169159851948E+00    0.347125295355675045E+00    0.131154608901919190E+01    0.414136174024355796E+03
    0.510376827611631511E-15    0.157843928562591941E+03    0.654555717170836182E+01    0.503295968555397044E+00    0.168830756973724988E+00    0.380696245727635141E+01    0.898905782234594994E+02
    0.830303362992799424E-15    0.156670644960508241E+03    0.143412687372826042E+02    0.256714958396670689E+00    0.268391398171767770E+00    0.213884826052487576E+01    0.196791691376712095E+03
    0.204062116014116528E-14    0.154672208162185399E+03    0.116372831220362585E+02    0.384746443316683173E+00    0.223008561243023429E+00    0.269770015007827046E+01    0.340413101263784313E+03
    0.491491905021371896E-14    0.152714166098698399E+03    0.107488848303484978E+02    0.165465494983482786E+00    0.247806787405462497E+00    0.271194486373388077E+01    0.480335917240645415E+03
    0.658217638794358779E-14    0.151929985768342732E+03    0.107738766792237879E+02    0.771419666265274473E+00    0.213806927537488672E+00    0.271540427773367199E+01    0.274932284194722001E+03
    0.640436533042783834E-13    0.147179586798280269E+03    0.117584777552069006E+02    0.353155008936750892E+00    0.238353606936938189E+00    0.245022689223536272E+01    0.720195454513821915E+03
    0.242204483414740175E-12    0.144319151981420021E+03    0.206652745450097974E+02    0.278001874251148307E+00    0.310332220025787420E+00    0.832221786309184641E+00    0.274167797167996099E+02
    0.266522555127751603E-12    0.143927798916432096E+03    0.721115534405695069E+01    0.661919253491359161E+00    0.318958770086767984E+00    0.711475203918928711E+00    0.772141402133001975E+03
    0.327182778300984507E-12    0.143317678726154810E+03    0.142880361346160640E+02    0.763281121642731764E+00    0.343164360962945891E+00    0.651819730563810484E+00    0.251182835430609799E+03
    0.103503350978873267E-11    0.140814338502167033E+03    0.224864135319383465E+02    0.576154433180292247E+00    0.327045013522096750E+00    0.391604389638748385E+00    0.663533549451610497E+03
    0.215939316779468572E-11    0.139143551624990408E+03    0.212940371276583242E+02    0.708012726903684775E+00    0.278320699815097494E+00    0.145171953135143372E+01    0.983679354624280649E+02
    0.544717221079054258E-11    0.137093012880538197E+03    0.236574591893782333E+02    0.245877544563458950E+00    0.393403568730133046E+00    0.495952169583578240E+00    0.313383995034059694E+03
    0.725439148662238217E-11    0.136319992092201176E+03    0.104169716092160023E+02    0.900844503960331111E+00    0.207325071091501723E+00    0.245617887025636650E+01    0.321366250722074881E+03
    0.456736017592250448E-09    0.127834994943839064E+03    0.227574279025168309E+02    0.174346284674834179E+00    0.307885051542794108E+00    0.101198563991621571E+01    0.201042431600846072E+02
    0.205418176414448012E-08    0.124627940349086899E+03    0.461346995524812442E+01    0.407374038874657451E+00    0.185796956803307212E+00    0.302891691797972396E+01    0.896979035172556905E+03
    0.223780316114917212E-08    0.124256706243793786E+03    0.281791354847266540E+02    0.266902412173927739E+00    0.249154412788419183E+00    0.179470268999605387E+01    0.291201937007228992E+03
    0.400070328109451275E-08    0.122894755217926260E+03    0.229123568312260950E+02    0.227357050771325314E+00    0.477778666040535760E+00   -0.520985679158861181E+00    0.515192972405365737E+02
    0.133527396436307666E-07    0.120284252388717050E+03    0.893058870389437942E+01    0.479869033271622281E+00    0.392218013575061419E+00    0.268534289720385622E+00    0.325950825223199786E+03
    0.420520495457200187E-07    0.117789879297975816E+03    0.577848625930853022E+01    0.309067663188395680E+00    0.264788018997534957E+00    0.156196603225582331E+01    0.714978310100702856E+03
    0.571858477038504656E-07    0.116975082649787993E+03    0.414351549899283800E+01    0.545151677881764440E+00    0.185746299335252246E+00    0.294771214044667440E+01    0.834388122309429491E+03
    0.139076214437459438E-05    0.110392481187472598E+03    0.125306046979432786E+02    0.373522358759337314E+00    0.245671297105383601E+00    0.187668359569320597E+01    0.225535531298715938E+03
    0.192827854538954179E-05    0.109538929672834286E+03    0.809814343127647973E+01    0.950260350534814835E+00    0.299791409201187797E+00    0.878344378735420372E+00    0.411709225844927914E+03
    0.462650032872245220E-05    0.107588583564321823E+03    0.155337563184714931E+02    0.436140388726428019E+00    0.267951656327779952E+00    0.138984410296671723E+01    0.489963173633639713E+03
    0.630980129583381358E-05    0.106767976620443577E+03    0.964114756153929164E+01    0.702413960979973107E+00    0.295005976925894031E+00    0.895720483618904550E+00    0.389132914409527586E+03
    0.321386538522509439E-04    0.103312066040725853E+03    0.548353648335615418E+01    0.739410887022872276E+00    0.241057157514481007E+00    0.193944962055819214E+01    0.817702731259573511E+03
    0.773937315572704050E-04    0.101354373412472199E+03    0.101876961158445170E+02    0.431316579891214913E+00    0.255444218375498244E+00    0.160225464554378183E+01    0.748401726753506409E+03
    0.828155470263067922E-04    0.101018953372272719E+03    0.208560682251659593E+02    0.575061238171797218E+00    0.305260731839184452E+00    0.914794769479016168E+00    0.397293226468389605E+03
    0.929477427791690531E-04    0.100588110132590259E+03    0.636760373164097171E+01    0.569838513074010233E+00    0.264950734152049228E+00    0.157390714186535874E+01    0.118942362443409320E+04
    0.133543506248281108E-03    0.996633303633396963E+02    0.681432991171223534E+01    0.453287449920600327E+00    0.284056654784519080E+00    0.152777101824030681E+01    0.695554014963172449E+03
    0.130167623550669665E-03    0.995145389282275943E+02    0.156761623100840168E+02    0.378067343690344615E+00    0.266690549859867398E+00    0.144931610307897363E+01    0.887137822589422740E+03
    0.191142678617152754E-03    0.985461446765569917E+02    0.126647850560580366E+02    0.280435357386867423E+00    0.278065469895887485E+00    0.134505288677526536E+01    0.877228484023919009E+03
    0.244194406076667829E-03    0.978562556832893193E+02    0.503361589304200852E+01    0.383115294122491457E+00    0.300471620274311624E+00    0.135991376359283489E+01    0.483991928411000288E+03
    0.252846018656962841E-03    0.975866236287743050E+02    0.204340506967220001E+02    0.524975867948927810E+00    0.295505206442661594E+00    0.101901305678545517E+01    0.363024739168635165E+03
    0.264298297389291411E-03    0.972980282325860344E+02    0.105796605130645105E+02    0.427403635760374323E+00    0.270005124796745377E+00    0.158435323870526235E+01    0.400301423571855821E+03
    0.311794259926069983E-03    0.967674978978790392E+02    0.107042968466245867E+02    0.187203114766564011E+00    0.270735696153250049E+00    0.168424141326330767E+01    0.603570908756411427E+03
    0.382133580364711254E-03    0.961606445232418565E+02    0.911931781074220638E+01    0.289838508918183635E+00    0.262669647351677193E+00    0.155955320848321222E+01    0.479061746996667409E+03
    0.379967869756492132E-03    0.959720116000934524E+02    0.625256042714060634E+01    0.364581346400372819E+00    0.249061153092412724E+00    0.198796233458224103E+01    0.724571137793964226E+03
    0.554466671514446357E-03    0.950161715928206405E+02    0.368073989715579586E+01    0.375022730635584944E+00    0.243800712681337933E+00    0.204744840100398351E+01    0.393606915224901400E+03
    0.999499560692462775E-03    0.936376755630137581E+02    0.916511329251206597E+01    0.388492626041320510E+00    0.294869406312916582E+00    0.131138977307729698E+01    0.542017476879228298E+03
    0.129130633706711086E-02    0.929253656931395966E+02    0.852309979265973006E+01    0.525870468341110064E+00    0.265631433645218351E+00    0.154765137553098642E+01    0.217163696972850460E+03
    0.135700123139966184E-02    0.926261198572856728E+02    0.825054091263034195E+01    0.287518845379729882E+00    0.229076532110282616E+00    0.214935545830806829E+01    0.990738923193124265E+03
    0.129722845435255871E-02    0.925162143730375561E+02    0.145862908340321873E+02    0.294400877652164050E+00    0.260171788474395427E+00    0.163936000416190608E+01    0.716783852229876857E+03
    0.122604940625312044E-02    0.924290801629949641E+02    0.820190664370383260E+01    0.534784178968317536E+00    0.275641636708486237E+00    0.150322128000632382E+01    0.440461455744798116E+03
    0.314277137031663103E-02    0.903464644085402000E+02    0.102315436395357651E+02    0.406931538908597956E+00    0.289563348464546955E+00    0.125525696838284628E+01    0.721580284125062917E+03
    0.324880377304469009E-02    0.900801007163657630E+02    0.921267685048701779E+01    0.414337408662086348E+00    0.263586046201012170E+00    0.163846941134426105E+01    0.410814644299644328E+03
    0.346045966040921683E-02    0.897538715737253483E+02    0.533982409629471100E+01    0.391755855570573408E+00    0.252220064296666546E+00    0.182469113789500659E+01    0.145261087115387738E+03
    0.517751456123142269E-02    0.887480241804965573E+02    0.118488236998160978E+02    0.724208704318382801E+00    0.314192049759356662E+00    0.795253450109684845E+00    0.253473848404709912E+03
    0.554638827148005303E-02    0.884103805258247490E+02    0.598930586805615661E+01    0.204639790457578769E+00    0.248332440917321456E+00    0.199407524538830661E+01    0.619603643817132252E+03
    0.546143045394567508E-02    0.882412529471833693E+02    0.755244680774730437E+01    0.513601521008813511E+00    0.282491963852787076E+00    0.125070526970696094E+01    0.264206569256537023E+03
    0.535728261891975626E-02    0.880797606889840665E+02    0.102815518692870391E+02    0.376427557172023752E+00    0.273770554895104545E+00    0.144410380936741634E+01    0.929743167637572697E+03
    0.627606533344495995E-02    0.875631879441515935E+02    0.871040456448161748E+01    0.211610436594107554E+00    0.254771366142029054E+00    0.185039651688652595E+01    0.774030765675340717E+03
    0.910040819696826021E-02    0.866200358952226708E+02    0.825747838803564349E+01    0.797146296665027898E+00    0.300617953687263351E+00    0.857107882965437162E+00    0.336751346899211967E+03
    0.859185485474481606E-02    0.865350451447674374E+02    0.109437963202300619E+02    0.310357558838054437E+00    0.266622763031839460E+00    0.158521952646065922E+01    0.639166556762800838E+03
    0.955106257231306058E-02    0.861233696090360041E+02    0.546588866239663584E+01    0.649658059572493007E+00    0.279758506017421915E+00    0.128633519333465896E+01    0.105182437044608236E+03
    0.925214584841486942E-02    0.859869634174101662E+02    0.914267439260275339E+01    0.692002088866930931E+00    0.292965573890533570E+00    0.109398032290368064E+01    0.228263976711015090E+03
    0.862436602415172192E-02    0.859274915223362825E+02    0.106661221478920147E+02    0.473122518588486030E+00    0.293926012313360407E+00    0.113608454323715402E+01    0.398749643629041771E+03
    0.911246153256986893E-02    0.856173886820068901E+02    0.827951093947219618E+01    0.318044649359877252E+00    0.246792778426674103E+00    0.188010741725856279E+01    0.693110377584543812E+03
    0.138074157931464478E-01    0.845862627855892555E+02    0.620325203632614297E+01    0.535778663754866824E+00    0.266615028414723509E+00    0.150408675837544425E+01    0.230141967482945404E+03
    0.135797803189592978E-01    0.844195105434904320E+02    0.427349296388549860E+01    0.508985913696667347E+00    0.245435380272949644E+00    0.180853170634651628E+01    0.950464884100499148E+03
    0.158412817257777248E-01    0.839114358335874044E+02    0.908957065592964142E+01    0.695611868069412331E+00    0.298653184800338645E+00    0.948906294042858867E+00    0.446494610145247918E+03
    0.143927011849607264E-01    0.839032320020187967E+02    0.771820106116924620E+01    0.206715051458183058E+00    0.253072105408833070E+00    0.180052016929012049E+01    0.789892473314874906E+03
    0.152473245780979216E-01    0.835878663335542313E+02    0.633728831785922431E+01    0.181535233714122557E+00    0.226622421223666659E+00    0.223900365065260321E+01    0.124631629561233854E+04
    0.141102995250384899E-01    0.835428644468861421E+02    0.703723694406473754E+01    0.215710319496428438E+00    0.248172714167385705E+00    0.184158978472930546E+01    0.120119635794856754E+04
    0.202995329998183482E-01    0.826154786721794636E+02    0.494732310806917663E+01    0.215458620868138051E+00    0.232545947861623165E+00    0.218273362649471059E+01    0.144382755195962636E+04
    0.184393281763227564E-01    0.826077028648546872E+02    0.712021701830433429E+01    0.431611235702776430E+00    0.269244720133771875E+00    0.155703330793522032E+01    0.409842753829647961E+03
    0.207745558065010050E-01    0.821692165151601159E+02    0.600790799080790805E+01    0.280406069046097273E+00    0.256600621615910629E+00    0.176592661735238465E+01    0.883929330790355380E+03
    0.200449908221384011E-01    0.820407158574126498E+02    0.560089490480057695E+01    0.350741092108944441E+00    0.248917922701240274E+00    0.178625399632409776E+01    0.869614476035798361E+03
    0.193799356499018451E-01    0.819081978618383886E+02    0.580777689116340134E+01    0.508735125738983940E+00    0.259958013711450497E+00    0.170379587143726940E+01    0.638177899235123277E+03
    0.189973919464547468E-01    0.817480710263385220E+02    0.712839042327320627E+01    0.324558715621750149E+00    0.260351828034885102E+00    0.171058246577936135E+01    0.627769163320959024E+03
    0.182137257396267765E-01    0.816323234911479858E+02    0.756855216805094688E+01    0.700473623989254834E+00    0.307020204206961467E+00    0.969790290205553518E+00    0.267339451204664101E+03
    0.205245512728498905E-01    0.811934308486120386E+02    0.690980390583844972E+01    0.281493848553176662E+00    0.252836290184717816E+00    0.177507169299510958E+01    0.747721005729378703E+03
    0.240974044580591559E-01    0.806724661621536825E+02    0.653525125152310871E+01    0.579049403475285884E+00    0.293578479691529115E+00    0.114781451304378002E+01    0.470192638566205915E+03
    0.245115461088747794E-01    0.804383858812996806E+02    0.629233525967234986E+01    0.189966431301377359E+00    0.244216321498871125E+00    0.198253189357178838E+01    0.121876312374979898E+04
    0.235703489194724371E-01    0.803166953931157224E+02    0.555936814051946193E+01    0.674274639292797628E+00    0.295621376099402311E+00    0.111620960403671532E+01    0.539419224811894992E+03
    0.241700595448774841E-01    0.800664451172785618E+02    0.491223325512943454E+01    0.496476939798026318E+00    0.246990300112291783E+00    0.182361595697602596E+01    0.690184365007431552E+03
    0.257302467964739649E-01    0.797413399978222657E+02    0.774225903651525282E+01    0.682397632453123126E+00    0.294291230217551880E+00    0.102740759265370807E+01    0.357225950138320854E+03
    0.280891386964570340E-01    0.793659084771504411E+02    0.470116025209634802E+01    0.501631471072049195E+00    0.270563702338512180E+00    0.151542375860330014E+01    0.676363776493176601E+03
    0.270595124785343033E-01    0.792405972213435632E+02    0.552208838772249955E+01    0.516375691323989194E+00    0.255147138734915346E+00    0.172314087139910743E+01    0.614581512424303583E+03
    0.261522458143894528E-01    0.791088042962221891E+02    0.427666386844700597E+01    0.404590957390090600E+00    0.251064539048170110E+00    0.184317402418432064E+01    0.103030568962937696E+04
    0.266792937408143783E-01    0.788688989354489394E+02    0.446354899669116190E+01    0.411447511529620225E+00    0.249521410545096189E+00    0.187048479612676433E+01    0.101154839259830442E+04
    0.258441472929980577E-01    0.787325061038938827E+02    0.620663046923005624E+01    0.322283380540151210E+00    0.245710974290452411E+00    0.188448430819140644E+01    0.791300534187535959E+03
    0.239012530351222878E-01    0.786888126622536959E+02    0.415727055630596709E+01    0.467064400190206730E+00    0.251082050731500139E+00    0.184088385928974829E+01    0.822051717770145387E+03
    0.231345085173243065E-01    0.785540236778454926E+02    0.650109515665978144E+01    0.401152650262157184E+00    0.256857360616958075E+00    0.168859107299211053E+01    0.729304041125451022E+03
    0.221534220324073883E-01    0.784406904776342913E+02    0.561211706453656234E+01    0.300881769311580893E+00    0.246051418296701657E+00    0.192402804157274510E+01    0.867179265719104478E+03
    0.205570454399298871E-01    0.783902669819216982E+02    0.437292896474470627E+01    0.704380324535337277E+00    0.274061213673994608E+00    0.146644376513417241E+01    0.439864032151556216E+03
    0.186401301413084766E-01    0.783860408517497405E+02    0.569898131670503982E+01    0.544826343496207288E+00    0.259782957669467462E+00    0.162894541759570499E+01    0.668943027166418460E+03
    0.169200703982483047E-01    0.783796734042308145E+02    0.649753529321409573E+01    0.516021077924109228E+00    0.265273338317490559E+00    0.153896898295026041E+01    0.595915876292870280E+03
    0.161027767701487634E-01    0.782786909792461501E+02    0.638552742503130588E+01    0.526331296593298914E+00    0.275483788143262132E+00    0.139462500185778371E+01    0.615503954833829312E+03
    0.185370575484313863E-01    0.777971307553573581E+02    0.690596277562921923E+01    0.608799144071808906E+00    0.289907571392428121E+00    0.117274479626674477E+01    0.393407649442496677E+03
    0.354062418832221948E-01    0.764995659529859893E+02    0.483023095116927159E+01    0.576433617998763692E+00    0.263582949959468404E+00    0.160305736597251913E+01    0.646903535236956031E+03
    0.197417457106648965E-01    0.776678712803766302E+02    0.558207543586492516E+01    0.552066556579624335E+00    0.266623033060201575E+00    0.154177424987861578E+01    0.740669926284760550E+03
    0.260703109202797961E-01    0.771117479024741357E+02    0.553643798634147988E+01    0.424162381349740880E+00    0.257091484734517928E+00    0.170462044640535382E+01    0.835857457552861206E+03
    0.186701429839124557E-01    0.777794909789300988E+02    0.568121001937218484E+01    0.340846644642493479E+00    0.244429632135949870E+00    0.191432449632511137E+01    0.963694949485213328E+03
    0.247869546606386444E-01    0.772127072248994040E+02    0.521572181834101833E+01    0.512222601505621378E+00    0.260347940751838980E+00    0.165579314293069046E+01    0.534980526487327552E+03
    0.190800126735478602E-01    0.777360595504444518E+02    0.550861170996272076E+01    0.561582295038210444E+00    0.271913427502484373E+00    0.147993472951720606E+01    0.378459540966198688E+03
    0.309888919794484644E-01    0.767660845768915578E+02    0.439899463527535151E+01    0.527770032179263771E+00    0.263835983874782853E+00    0.162777076671428267E+01    0.545293152162364663E+03
    0.214564315080757531E-01    0.775012933356721021E+02    0.521541954344012382E+01    0.433552585821177117E+00    0.260113900742589887E+00    0.169160824366378804E+01    0.636138642241813159E+03
    0.228547372889723426E-01    0.773750253768833289E+02    0.650867598471618791E+01    0.705540561528721577E+00    0.288440120838213965E+00    0.118096480540475146E+01    0.336691109765932993E+03
    0.202231797695482558E-01    0.776196832912265648E+02    0.621123997728669508E+01    0.520209363663341473E+00    0.275890213565062714E+00    0.141530660211983816E+01    0.533033296197107575E+03
