    0.116247362045499668E-47    0.295486861840628535E+03    0.516204110006985530E+02    0.133073081994600384E+00    0.850547357546705296E+00   -0.393301313654891693E+01    0.563636608490447060E+02
    0.366593855708564625E-25    0.191676049303028350E+03    0.381262341690484732E+02    0.506859454551421451E+00    0.835889122930648792E-01    0.474671240592888921E+01    0.131022092439371306E+03
    0.371942036602911705E-24    0.186841912214060869E+03    0.308784811010906175E+02    0.157081403229007766E+00    0.106350209162465181E+00    0.428229557709957476E+01    0.992887796278967301E+02
    0.400288745069858584E-21    0.172679505410464571E+03    0.435177327547592654E+02    0.185739946662130423E+00    0.137363426292110569E+00    0.417941218995472052E+01    0.106575518746258012E+03
    0.114067121172749545E-19    0.165779963222523833E+03    0.556358078257505611E+02    0.244729890937135097E+00    0.366029944087028047E+00    0.902657366379418846E+00    0.137840965569210766E+03
    0.921258657747298511E-19    0.161402055654647569E+03    0.198590277846951935E+02    0.151487464486647710E+00    0.196923185499186443E+00    0.329161154633888042E+01    0.350549023880048978E+02
    0.449926464977510208E-17    0.153425028648741943E+03    0.157456157277314439E+02    0.295254027615900694E+00    0.181959865080065952E+00    0.348527571040041462E+01    0.674616302566680162E+02
    0.826926324303441495E-16    0.147402595572951896E+03    0.162172877590750240E+02    0.199106883684781827E+00    0.339343284431442904E+00    0.608570950148506151E+00    0.820172051797694763E+02
    0.207084206384602583E-14    0.140761435397926931E+03    0.649130132529805479E+02    0.136180644076414836E+00    0.595924581940835529E+00   -0.170034493355146621E+01    0.674211746630623736E+02
    0.340280325126653610E-14    0.139568146880127614E+03    0.512288358412383644E+02    0.196695820241690744E+00    0.383558433382042818E+00    0.407411487049228138E+00    0.704858390284015996E+02
    0.480069191520742324E-12    0.129469485550271884E+03    0.186620145302282587E+02    0.238492586823660369E+00    0.448778066064330627E+00    0.118928021063003542E+00    0.137050577759772693E+03
    0.483332062090915870E-12    0.129255938202129244E+03    0.414592484165121675E+02    0.162748099112344280E+00    0.412411926294770304E+00    0.109228863097830975E+00    0.781840057748417649E+02
    0.603073608215551818E-12    0.128613267516728996E+03    0.537890292682262015E+02    0.142563400151190817E+00    0.855034674249687709E+00   -0.411301711434876083E+01    0.235368154937604537E+02
    0.167597455081072725E-11    0.126369045842409363E+03    0.691993684192340766E+02    0.193086101681408245E+00    0.421179816416336394E+00   -0.177822838326579968E+00    0.147389013622191527E+03
    0.274427733958493759E-11    0.125182799925270444E+03    0.160863812845866079E+02    0.172108305086592805E+00    0.734083011077021785E+00   -0.145892220048153520E+01    0.105860598405955884E+02
    0.268580852096806057E-11    0.125025871861818587E+03    0.240340764383320931E+02    0.334953416986860875E+00    0.541946492517777823E+00   -0.153238395395323490E+01    0.104219550085864469E+03
    0.312385866435830246E-11    0.124523697499195151E+03    0.251339471759108797E+02    0.217911881782645783E+00    0.651661094806616936E+00   -0.202261910106242082E+01    0.636412078521148459E+02
    0.237788591516983373E-10    0.120264241647349692E+03    0.585895105107305199E+02    0.165180443297023805E+00    0.480389952601847914E+00   -0.849164476937024126E+00    0.356283669849859024E+02
    0.443281980589049181E-10    0.118818593478164303E+03    0.707517367406853381E+01    0.341877641921867537E+00    0.610044183537488571E+00   -0.135350402028218353E+01    0.700937030478988277E+02
    0.619180345318084071E-10    0.117950212503896978E+03    0.233032153489033753E+02    0.156931080126511469E+00    0.423455468167885596E+00    0.334094132996077819E-01    0.621349691790663883E+01
    0.615461217383605304E-10    0.117762261795921674E+03    0.173227774931227465E+02    0.173603818457566894E+00    0.543584051334755070E+00   -0.520200126172572386E+00    0.534336757445458801E+02
    0.270820571986007150E-09    0.114598922466128101E+03    0.355046889493026896E+02    0.221864052202872253E+00    0.626058578107803410E+00   -0.207388044556077311E+01    0.284915198960541716E+02
    0.254899947382479020E-08    0.109914923081433784E+03    0.243854793027625263E+02    0.144579334823552147E+00    0.432572834130260098E+00   -0.158449429846267198E+00    0.917824276378559745E+01
    0.248786379391568428E-08    0.109763476063038127E+03    0.130524147069537662E+03    0.153103962628805684E+00    0.553792143638746182E+00   -0.215873578255521759E+01    0.883279277704006631E+02
    0.430590659708633387E-08    0.108466349504641229E+03    0.578280845011246356E+02    0.318879919013903612E+00    0.523431427236016100E+00   -0.163545645885351876E+01    0.235987628440910413E+02
    0.102170358575743891E-07    0.106538211900968832E+03    0.490948128660937044E+02    0.269726792927734160E+00    0.463602814099120408E+00   -0.104634443176005099E+01    0.235332630614411116E+02
    0.949671039466697396E-08    0.106484433990585075E+03    0.585287338518714950E+01    0.142775992634156912E+00    0.408520493266036344E+00    0.658873041716075858E+00    0.666319863435926862E+02
    0.877533051567703167E-08    0.106442436050879721E+03    0.506294886506819921E+02    0.158863735327744560E+00    0.480208444935874057E+00   -0.111168071822357417E+01    0.934081480334316296E+02
    0.948593325982974367E-08    0.106086704935810900E+03    0.123209055884616987E+02    0.132567434058755818E+00    0.661651463360209191E+00   -0.111153379633611005E+01    0.156312420580316331E+02
    0.214480062843233540E-07    0.104255061531500587E+03    0.432277122762652510E+02    0.181951814591963051E+00    0.394246532973766273E+00   -0.720152260936219313E-01    0.101374074473905878E+03
    0.292381451120051453E-07    0.103435376526958450E+03    0.248864971014079828E+02    0.305276434772118910E+00    0.446991939976115749E+00   -0.344382861603887647E+00    0.654728670608359522E+02
    0.449989529465284178E-07    0.102373046476083971E+03    0.577688793426449365E+02    0.320199571695676644E+00    0.522642502498634087E+00   -0.167199894523402515E+01    0.863498208648069294E+02
    0.600424335668707234E-07    0.101596221842633213E+03    0.791052740892085922E+02    0.221383176270654347E+00    0.504084090791212636E+00   -0.154421793852515177E+01    0.763551795189502940E+02
    0.327019608951431009E-06    0.980062846487499968E+02    0.253253660866786596E+02    0.268223228329049879E+00    0.428058685777169545E+00   -0.330752580013893904E+00    0.147629811906101160E+02
    0.618459661646138313E-06    0.965318609792631577E+02    0.139926975817845101E+02    0.361646775879335636E+00    0.412017272902655496E+00    0.178591847916594326E+00    0.153395292611382530E+03
    0.661131149054350746E-06    0.961984204588971465E+02    0.259864069675489233E+02    0.266237344621265193E+00    0.392571758490544986E+00   -0.316641930926675128E-01    0.425303165908179750E+02
    0.618506651994591565E-06    0.961317090257363418E+02    0.341555574512969145E+02    0.439192457144765569E+00    0.465757732599994645E+00   -0.890379226116818856E+00    0.119888348048868124E+03
    0.707722973055625737E-06    0.956622194471164420E+02    0.475573417630337669E+01    0.320711890449462800E+00    0.348370761331890155E+00    0.101965350946071753E+01    0.234826293128075207E+03
    0.737431256048051554E-06    0.953799791759109183E+02    0.625043528273905657E+01    0.358674412724843461E+00    0.357590825438269366E+00    0.886844027257004619E+00    0.899710685529987444E+02
    0.185847714440234252E-05    0.933312995357967310E+02    0.105830463310919534E+02    0.229123039866181072E+00    0.449896981977660149E+00   -0.126764372123014724E+00    0.580509473620933250E+02
    0.263560981559050599E-05    0.924325851928403779E+02    0.216471197989122999E+02    0.369921686699649810E+00    0.459804650835127726E+00   -0.800110596423794784E+00    0.984704177578378506E+02
    0.246259106269937045E-05    0.923683862150955548E+02    0.164269530994455266E+02    0.141536186917155804E+00    0.388790014365390957E+00    0.275594446956415107E+00    0.140220706902787100E+02
    0.241960169614276518E-05    0.922036084849057147E+02    0.757594493815096826E+01    0.242609605733591138E+00    0.501902106531928682E+00   -0.386071085300110084E+00    0.909497757427374722E+02
    0.222833259109017775E-05    0.921683071838244246E+02    0.113030652567632153E+02    0.181861759938306194E+00    0.491129853363185598E+00   -0.343691201398007684E+00    0.122190644438029537E+03
    0.314946906309052092E-05    0.912763465869464312E+02    0.754981189406227138E+01    0.320106381110539129E+00    0.543787766157181052E+00   -0.724543709278365866E+00    0.398858916005030437E+02
    0.618394101760489611E-05    0.897269028147367749E+02    0.232705598567432617E+02    0.332500860688579258E+00    0.426701301287592982E+00   -0.520223015511817932E+00    0.148315928616101388E+03
    0.899567308550755294E-05    0.887773269745027704E+02    0.235331732763662451E+02    0.314082337436539072E+00    0.404143973472041285E+00   -0.255306096508907787E+00    0.157685752394419893E+03
    0.854190457136905911E-05    0.886808463600882106E+02    0.689890044631933730E+01    0.316079251501826919E+00    0.531011204636996248E+00   -0.519099344622046210E+00    0.572912588415748445E+02
    0.125380027218366323E-04    0.877132858615316024E+02    0.137950739356772445E+02    0.136285498825289092E+00    0.349131175894324464E+00    0.638619287184064022E+00    0.519103117791061237E+02
    0.159244804024630141E-04    0.870350992151348635E+02    0.207896150646109170E+02    0.441656091224454761E+00    0.430857782523192179E+00   -0.555354457472802321E+00    0.402703265114161297E+02
    0.226033515417214025E-04    0.861346179742303093E+02    0.146031919939877461E+02    0.230766830479975066E+00    0.344991493502032009E+00    0.681573916075600916E+00    0.267488505149995092E+03
    0.221399810079693767E-04    0.859760442224794303E+02    0.123427492715299678E+02    0.487777913868951307E+00    0.390701422012420141E+00    0.267705946581424881E+00    0.153812247910176410E+03
    0.275669561415297849E-04    0.853375787329924265E+02    0.194145168969941366E+02    0.391465276978066934E+00    0.450589242845086224E+00   -0.670535795043499139E+00    0.114092049171641236E+03
    0.366591037141696674E-04    0.845674907743921267E+02    0.178354308594500743E+02    0.339738406984246732E+00    0.445894790348587367E+00   -0.430876782348058041E+00    0.154597445537084042E+03
    0.651647196245165670E-04    0.832169779365564750E+02    0.186251430550874417E+02    0.426943902966644862E+00    0.421588500099709551E+00   -0.259004329892461249E+00    0.590265923596367799E+02
    0.790929565076526047E-04    0.826295667106219582E+02    0.113944962383535753E+02    0.142242641077529985E+00    0.332300672616746118E+00    0.101952115849294778E+01    0.332057202096000310E+03
    0.964889434691445000E-04    0.820319575087463022E+02    0.812430438632487828E+01    0.216659472284345928E+00    0.383330198269301259E+00    0.478305963857992622E+00    0.634665194106394068E+02
    0.116143344275889104E-03    0.814611640519269855E+02    0.127509245152810671E+02    0.147595339244555812E+00    0.363680084885755317E+00    0.456615377111920795E+00    0.746250941337734730E+02
    0.129787458467947982E-03    0.810390180061508403E+02    0.915170309954665839E+01    0.180101366679588704E+00    0.370322329351164881E+00    0.552197462350166202E+00    0.343935178600225271E+02
    0.207489007307657373E-03    0.799006576385353497E+02    0.179666920803114181E+02    0.305574822636093202E+00    0.391669265103584519E+00   -0.342675331450997519E-02    0.336803336212637362E+03
    0.310184974838511912E-03    0.788964767362967763E+02    0.103142585936584439E+02    0.147666441957758660E+00    0.352690735395739197E+00    0.720183215742641547E+00    0.646160877003138836E+02
    0.312530789642666566E-03    0.786814083790500121E+02    0.126870118296794434E+02    0.282115749221991230E+00    0.391302583828849804E+00    0.237676976566481901E+00    0.875300454295695687E+02
    0.416519397938248882E-03    0.779069482930017898E+02    0.161889637538672204E+02    0.423222995808816116E+00    0.384519079618833526E+00    0.852337680817453897E-01    0.160957753051694880E+03
    0.742487606978344764E-03    0.765508020022104745E+02    0.488628138018115532E+01    0.424999192315425933E+00    0.381843174767209859E+00    0.440530670656790468E+00    0.132593362314353897E+03
    0.745808574794689749E-03    0.763418764311612676E+02    0.178909258905266526E+02    0.338226272002058959E+00    0.417913694485944176E+00   -0.204588928576345697E+00    0.183247397811731759E+03
    0.105901802180154332E-02    0.754406196349877547E+02    0.136798238644568304E+02    0.403288328322003731E+00    0.377920258927999630E+00    0.272847848400092352E+00    0.140678012367816308E+03
    0.136452356682903822E-02    0.747336931386051191E+02    0.173010708508019526E+02    0.283918226626892978E+00    0.399927570294445034E+00    0.221611862701400139E-01    0.186209232149333076E+03
    0.154463866804795081E-02    0.742857237810771949E+02    0.452574689209122649E+01    0.695516163147075206E+00    0.370505163309991614E+00    0.340128308290975678E+00    0.275561538679484102E+02
    0.233237265802758737E-02    0.732615316882049967E+02    0.787560077764083477E+01    0.524080225950869227E+00    0.358100328671115797E+00    0.553240729314828150E+00    0.103287805856606511E+03
    0.224471419106258728E-02    0.731381473954724015E+02    0.934114891835986327E+01    0.737222650915348665E+00    0.435636809346699128E+00   -0.427286832516881931E+00    0.175031887988073684E+02
    0.379358101933267335E-02    0.718886829374900884E+02    0.106097767086549606E+02    0.544268192878278434E+00    0.436715057181677080E+00   -0.364512503710205327E+00    0.682970491307690963E+02
    0.347673576128603714E-02    0.718631160955268342E+02    0.137443759858162871E+02    0.193919125684778065E+00    0.366197848490604549E+00    0.422877098359875192E+00    0.238764605721762024E+03
    0.414947547966606611E-02    0.713093399318193093E+02    0.805719065037880711E+01    0.473166204131755141E+00    0.358826402870514427E+00    0.615842570862858096E+00    0.214518707118640521E+03
    0.482886545669396986E-02    0.708060807134890240E+02    0.128477013751580618E+02    0.269922985548023575E+00    0.379315661939979454E+00    0.330668390460195971E+00    0.191561563626853285E+03
    0.708891933344325560E-02    0.698382379880614934E+02    0.107147925805594788E+02    0.302710722142162214E+00    0.395306423547026942E+00    0.154384340360481376E+00    0.169372802281156595E+03
    0.101474609023257407E-01    0.689208567698710510E+02    0.742278428084958719E+01    0.199993269142502705E+00    0.354856755126129297E+00    0.645180140329995155E+00    0.203515684755475178E+03
    0.131089062350632172E-01    0.682087200744939963E+02    0.997598101696917361E+01    0.381195733636178313E+00    0.375406403667964572E+00    0.317784822694235358E+00    0.112078986323472904E+03
    0.158673864140016566E-01    0.676267721359099596E+02    0.704435619554429771E+01    0.694547631021728784E+00    0.420268269392640170E+00   -0.203693868315205862E+00    0.284869544370114482E+02
    0.201310599127369899E-01    0.669507760201340574E+02    0.803033912840393249E+01    0.261173041856561428E+00    0.347261531427630388E+00    0.710016539808620006E+00    0.213417209333217869E+03
    0.184917824975053963E-01    0.669206509152869131E+02    0.775704763830263211E+01    0.346514218427727894E+00    0.358965189240442017E+00    0.603482661569454626E+00    0.148751844428439597E+03
    0.171825768622053572E-01    0.668675120088692125E+02    0.982890972371378702E+01    0.399425534919983838E+00    0.386897205624961271E+00    0.184088154563980311E+00    0.112515862804178624E+03
    0.160115931086397892E-01    0.668086777451324565E+02    0.877901055859302204E+01    0.349389547659826716E+00    0.389854806652613350E+00    0.219136550841732614E+00    0.161458336714965213E+03
    0.155826856109883907E-01    0.666629830011798674E+02    0.763542533280644697E+01    0.414556532077709983E+00    0.355589733217831716E+00    0.646103076372565144E+00    0.233395093730937390E+03
    0.145642224569123568E-01    0.665981677941761063E+02    0.890627032879931591E+01    0.357340075234736598E+00    0.373426597215604450E+00    0.379962386858483048E+00    0.122595856927726302E+03
    0.159584841862091577E-01    0.662153225800253153E+02    0.539582200165300563E+01    0.579815923295902036E+00    0.398531760960329884E+00    0.129182721616833279E+00    0.936639812956145619E+02
    0.153830982902587576E-01    0.660887650172629577E+02    0.613547079762187408E+01    0.433490164257316013E+00    0.382133411679984492E+00    0.348650626616086368E+00    0.133445863582043785E+03
    0.146897443289640689E-01    0.659810046322306079E+02    0.106247309554803877E+02    0.343945703042662865E+00    0.377534678370063159E+00    0.321114259405130054E+00    0.179098727133095252E+03
    0.157620130482979300E-01    0.656400981879173173E+02    0.848591811524119422E+01    0.267061059393992217E+00    0.378095772861749557E+00    0.419268603421598052E+00    0.285715227266556724E+03
    0.149512597471830808E-01    0.655457126828201950E+02    0.469040413519835475E+01    0.866744872503621977E+00    0.399588884898132157E+00    0.916673941233495104E-01    0.665402191179839804E+02
    0.158833016093148892E-01    0.652247671152144051E+02    0.720877563333072136E+01    0.317723961538991129E+00    0.352829714333382227E+00    0.671167815805673862E+00    0.189279031427362241E+03
    0.152739817101790777E-01    0.651030021254098727E+02    0.764752468528121288E+01    0.461943724857314886E+00    0.365635136190370913E+00    0.516259070811031284E+00    0.200745773805003893E+03
    0.147686637553021988E-01    0.649702885589224337E+02    0.725206264058067784E+01    0.662870758555369366E+00    0.428731830574810513E+00   -0.239708892987379879E+00    0.677947963294315770E+02
    0.179025405750915835E-01    0.643854185347553312E+02    0.736646242678112451E+01    0.402033877644424498E+00    0.374109895402139847E+00    0.467270726812882620E+00    0.213990059316013628E+03
    0.163056568754202415E-01    0.643722796130899440E+02    0.774236555815109107E+01    0.292722910667199798E+00    0.365847252219053620E+00    0.521871465026869763E+00    0.196383976502465771E+03
    0.201274219725906568E-01    0.637511374783893956E+02    0.559620263835820531E+01    0.446311609517733576E+00    0.372324469037581984E+00    0.475752714968927459E+00    0.221582325079364210E+03
    0.182538715370111106E-01    0.637465494103557830E+02    0.642586306367278581E+01    0.384593634882726965E+00    0.353991616778110529E+00    0.632079808932697218E+00    0.195914685164792331E+03
    0.176102594702150332E-01    0.636183404901374345E+02    0.598138470309607051E+01    0.644239205774602808E+00    0.369190823170853166E+00    0.429382740425648390E+00    0.140735737123666979E+03
    0.229585474541434617E-01    0.628879231929293141E+02    0.752821155890163141E+01    0.626603286576348339E+00    0.396355774107631398E+00    0.611832599714742242E-01    0.635962171417348117E+02
    0.208609850279253793E-01    0.628795424647339587E+02    0.773753758367523670E+01    0.650364575045864646E+00    0.411425493069117132E+00   -0.763599502410565456E-01    0.757083876974499361E+02
    0.215857481086801292E-01    0.626112372291717634E+02    0.658314907980453334E+01    0.716208528062484473E+00    0.385163289936906683E+00    0.153043679196253779E+00    0.590192141256907377E+02
    0.201742884509003607E-01    0.625464859140817495E+02    0.582434138297904092E+01    0.450971611038257836E+00    0.371721793405918655E+00    0.463898461305533139E+00    0.193283945850393081E+03
    0.215433028244819136E-01    0.622151738145575521E+02    0.643090199853551070E+01    0.455241445442746528E+00    0.370933083194410818E+00    0.469553660536214612E+00    0.179343872514687149E+03
    0.225389240206514130E-01    0.619248162613795827E+02    0.716045769040292335E+01    0.697434701351068553E+00    0.413335332863018934E+00   -0.116917754481167202E+00    0.583096032070735362E+02
    0.220681939107703791E-01    0.617670290387692233E+02    0.705502486819183527E+01    0.595214193126189617E+00    0.409090533958003932E+00   -0.540157692878361420E-01    0.981449045941930649E+02
    0.205872285270774814E-01    0.617059619852083756E+02    0.753305378904123302E+01    0.397130539872882382E+00    0.371226487103107294E+00    0.416733012021345883E+00    0.179280923626573866E+03
    0.207029014805182668E-01    0.614947560862654612E+02    0.647806482770089964E+01    0.658792910175006852E+00    0.396978309766850335E+00    0.874000113401476875E-01    0.682578503908891463E+02
    0.187767890522937200E-01    0.614900608390833554E+02    0.705247013634260078E+01    0.487796474659300483E+00    0.386072544742674995E+00    0.257653654899271667E+00    0.140682012305347200E+03
    0.195934253165099201E-01    0.612049156695894752E+02    0.741606723556934000E+01    0.620273068114387538E+00    0.393997068644008741E+00    0.117248076911772831E+00    0.977785289419466466E+02
    0.183994503492278701E-01    0.611306622197564380E+02    0.780277704146061968E+01    0.617551654040388698E+00    0.395469403330367730E+00    0.776800115620384368E-01    0.925063016003881273E+02
    0.166762719408226692E-01    0.611273300690391039E+02    0.744117710837279134E+01    0.461146964956770045E+00    0.383307169911112022E+00    0.287647800448726731E+00    0.168213547855514690E+03
    0.169897530307328119E-01    0.608900830045976917E+02    0.633450115271174052E+01    0.633516712172836116E+00    0.392039350826685895E+00    0.591610843055372926E-01    0.829082897869263036E+02
    0.157058713280342557E-01    0.608472345786779627E+02    0.799334156369471494E+01    0.648432996565129427E+00    0.414240664511533130E+00   -0.175219362611409551E+00    0.762608239993099346E+02
    0.143532707220212687E-01    0.608273481212163389E+02    0.699495825141155869E+01    0.409169510667092229E+00    0.373357995106148033E+00    0.387134195399447045E+00    0.213988126510311957E+03
    0.134613060111699982E-01    0.607556651063023310E+02    0.647997821472717295E+01    0.440265764583455066E+00    0.364437048499196448E+00    0.467923931739646137E+00    0.211406829456957752E+03
    0.133835823620723458E-01    0.605672462855861937E+02    0.753059664550080576E+01    0.629055674496170059E+00    0.385921948173874485E+00    0.164549493195397745E+00    0.103652455051919475E+03
    0.124162014102241081E-01    0.605172994331689935E+02    0.506423487256620319E+01    0.826372161680641204E+00    0.392631028758364808E+00    0.112708712608897477E+00    0.577491755664492388E+02
    0.142814913607875980E-01    0.600373750264683679E+02    0.770097881810308138E+01    0.622126317776172333E+00    0.391631091796958986E+00    0.890620910856870784E-01    0.942265053802603632E+02
    0.137864114162718314E-01    0.599079369493107166E+02    0.672641921750758165E+01    0.589733658037466690E+00    0.386069368310237471E+00    0.145851169657623098E+00    0.104446922660006990E+03
    0.151624085190179368E-01    0.597143330987549561E+02    0.700789638340248011E+01    0.564163221523750202E+00    0.390966027273137839E+00    0.151291063377450380E+00    0.115953141408758057E+03
    0.243262868820407069E-01    0.587688565198101642E+02    0.606902711746632662E+01    0.681276304073165084E+00    0.395631674121382726E+00    0.672649276072039282E-01    0.761044056474925270E+02
    0.311793972380579217E-01    0.582724565170023467E+02    0.572463533324947527E+01    0.732386093838914065E+00    0.389099263644268833E+00    0.123816180925522476E+00    0.750508679820904234E+02
    0.140130912709061813E-01    0.598719876135791438E+02    0.705026114510157598E+01    0.482766694131464891E+00    0.379037540882372792E+00    0.314771689342977556E+00    0.168529420141905177E+03
    0.212131377157653983E-01    0.590427301938879623E+02    0.673938066089774601E+01    0.696394032038187172E+00    0.394719069448263626E+00    0.252685156756243638E-02    0.702517177378035171E+02
    0.338722698345026857E-01    0.581067782191967268E+02    0.649714968718084585E+01    0.759416585897843999E+00    0.394341465249589296E+00    0.257946792114772602E-01    0.695742483660566933E+02
    0.354197254021205513E-01    0.580174338211128315E+02    0.713355440782854799E+01    0.670660366845717948E+00    0.401750669193298271E+00   -0.491829136420846857E-01    0.852304297992902207E+02
    0.153956659125800126E-01    0.596837995093946745E+02    0.575969020162105938E+01    0.701076174953697007E+00    0.384264668769504103E+00    0.218496054105786208E+00    0.897105394831061460E+02
    0.199739470187100844E-01    0.591631140299083143E+02    0.641593769062305075E+01    0.678248094018870207E+00    0.393514306869362895E+00    0.623356586540722152E-01    0.706382715080602281E+02
    0.193578317981491881E-01    0.592257774171588522E+02    0.571102394189848006E+01    0.748287117443262040E+00    0.408361677348072216E+00   -0.996130609478534101E-01    0.548674794517379922E+02
