    0.879657174868037295E+01    0.401203320679320241E+00    0.293090316554245556E+00    0.138144865284657614E+01    0.773614485604609172E+03   -0.509314877042006344E+02
    0.277239795595978613E+02    0.296080420125303556E+00    0.291776530605473539E+00    0.110050416485858538E+01    0.500790784408075297E+03   -0.506553667764767752E+02
    0.945528387523991398E+01    0.314247565566623088E+00    0.261070855447871508E+00    0.181754488274612069E+01    0.598580378958284086E+03   -0.498455005834644993E+02
    0.110048439089415222E+02    0.304635694477459751E+00    0.264681545923577566E+00    0.168243431463903881E+01    0.305377613152684262E+03   -0.490731361670351518E+02
    0.809669964783865836E+01    0.270112835086961989E+00    0.263799433776037928E+00    0.179958279280791222E+01    0.443170141261853814E+03   -0.489405879908603723E+02
    0.400545027376310170E+01    0.409751770970752272E+00    0.236813763283112072E+00    0.216272994710745481E+01    0.117424120234366137E+04   -0.482763388484673541E+02
    0.167219066226669142E+02    0.358543781559868435E+00    0.285349430560888240E+00    0.128974260652717732E+01    0.410710098843019637E+03   -0.478862434437008346E+02
    0.348878984535743353E+01    0.365287105514219834E+00    0.230394867525685665E+00    0.221495080079234308E+01    0.950820634835378314E+03   -0.476503590290233205E+02
    0.998134230145716650E+01    0.338486115689333344E+00    0.246770612861566679E+00    0.194024885686534621E+01    0.882856905661937731E+03   -0.476392457558001468E+02
    0.661046094695385911E+01    0.322688617514809539E+00    0.249684257202030080E+00    0.193047463746339165E+01    0.268971555715189993E+03   -0.474899628999269154E+02
    0.890742565201918168E+01    0.335003053433853448E+00    0.253350257788436117E+00    0.183263153923093380E+01    0.347992751449470688E+03   -0.471778700527419375E+02
    0.858908349328945242E+01    0.374633297600507620E+00    0.253319228163778942E+00    0.187015408980413889E+01    0.943953391894674610E+03   -0.470836401001601885E+02
    0.162185919033109833E+02    0.319819012711167749E+00    0.276405025115293135E+00    0.142939958948498580E+01    0.576710439042875350E+03   -0.470027785421238207E+02
    0.151137922427363236E+02    0.304197498066810568E+00    0.267942197982131314E+00    0.156411687848412839E+01    0.632197562480626402E+03   -0.467453559572684725E+02
    0.937652971010302849E+01    0.379885254061205546E+00    0.254187652909150852E+00    0.183292255093045564E+01    0.859139442169722656E+03   -0.467447709445363131E+02
    0.560219501134925046E+01    0.368112318587023979E+00    0.252529205585891925E+00    0.176793470420759835E+01    0.251407064165377420E+03   -0.467307437246313384E+02
    0.642085697049277115E+01    0.290366150667058232E+00    0.268458371823698971E+00    0.174776957721255566E+01    0.886083559366178292E+03   -0.466492024906483849E+02
    0.637762783802612709E+01    0.351183224318098175E+00    0.260540214198498099E+00    0.177373682233137142E+01    0.316098921108129730E+03   -0.460687738086958234E+02
    0.724995031059895645E+01    0.326829892463854188E+00    0.265172869252898735E+00    0.174764515840250478E+01    0.962438269152935050E+03   -0.457702042013154937E+02
    0.632060566865638318E+01    0.346382981845865745E+00    0.241298954656308989E+00    0.195761887741946294E+01    0.217389364490074598E+03   -0.456403468002713453E+02
    0.869568001781098587E+01    0.367649889123454809E+00    0.260493381822241910E+00    0.167978193589455649E+01    0.275837604552183791E+03   -0.456246645396029038E+02
    0.496250308299767440E+01    0.343166668214604509E+00    0.238342118669573722E+00    0.201165033500675783E+01    0.222600785328567270E+03   -0.454984953514170485E+02
    0.716714218220989885E+01    0.335503665136173745E+00    0.244910630570728260E+00    0.187988281405588520E+01    0.297366725971330993E+03   -0.450198708316986682E+02
    0.105749280478889016E+02    0.321321789567241389E+00    0.260124085932850913E+00    0.172681717289454162E+01    0.870007905860465598E+03   -0.449769698184832549E+02
    0.552287546473162028E+01    0.355946532796659110E+00    0.258501507172184897E+00    0.185697032890960667E+01    0.916436317473646454E+03   -0.448978748298096448E+02
    0.649121392090922100E+01    0.329261630071510325E+00    0.256933836970441309E+00    0.181441060015625655E+01    0.394895563020114423E+03   -0.448966598873383589E+02
    0.755981398762288670E+01    0.391723708286812800E+00    0.245388208312492501E+00    0.191826717147977766E+01    0.514195979715867679E+03   -0.447810729946257098E+02
    0.700739422967062175E+01    0.312037250683298018E+00    0.257182911207204545E+00    0.178685062810320283E+01    0.396772993534929924E+03   -0.446270586579832695E+02
    0.825741996503290387E+01    0.335769852439244010E+00    0.264072990075633729E+00    0.168450306684806184E+01    0.465679495222976357E+03   -0.445633713100425624E+02
    0.810709633721289080E+01    0.377549183061540450E+00    0.252522704204583948E+00    0.184868985365252558E+01    0.690377085575526849E+03   -0.445197142576823239E+02
    0.739326035593750319E+01    0.344730261222497558E+00    0.259788768436211293E+00    0.171820367340299684E+01    0.349902780563264400E+03   -0.445133412617631805E+02
    0.674215567228432633E+01    0.367749356013675255E+00    0.265571865557011733E+00    0.170420041007102152E+01    0.509040143982211134E+03   -0.443447874172186332E+02
    0.462214783649719063E+01    0.345711079910639429E+00    0.242263466662275995E+00    0.195532553467248316E+01    0.393613637977572466E+03   -0.443136687341733619E+02
    0.589552689471502767E+01    0.299316195197955937E+00    0.239780276462109837E+00    0.195264967822452373E+01    0.464940360839425693E+03   -0.440290582269629667E+02
    0.801288505065239143E+01    0.259361758676593557E+00    0.249903033438696048E+00    0.181719318048139789E+01    0.577427725314576833E+03   -0.438756922032847427E+02
    0.456840036923821824E+01    0.443533319424294914E+00    0.250050254106985226E+00    0.183446506084781968E+01    0.308894130361139446E+03   -0.437800318312117795E+02
    0.791481755171036738E+01    0.363944041702094434E+00    0.261713479006376648E+00    0.171438946466727060E+01    0.559766218212352555E+03   -0.434509527898802901E+02
    0.532733526493269061E+01    0.422495353650606198E+00    0.251853196891269393E+00    0.189346290122771288E+01    0.750189306889061527E+03   -0.430461709564572530E+02
    0.555695773941787952E+01    0.445264392893026328E+00    0.253373025016743469E+00    0.182996699598859625E+01    0.478871356552252564E+03   -0.426745234451435920E+02
    0.555695773941787952E+01    0.445264392893026328E+00    0.253373025016743469E+00    0.182996699598859625E+01    0.478871356552252564E+03   -0.426745234451435920E+02
    0.553654683091285627E+01    0.374726668095980264E+00    0.252997253709662251E+00    0.181034810040134464E+01    0.438086851034451342E+03   -0.426725478977194967E+02
    0.553654683091285627E+01    0.374726668095980264E+00    0.252997253709662251E+00    0.181034810040134464E+01    0.438086851034451342E+03   -0.426725478977194967E+02
    0.737200892559268617E+01    0.325665641160285402E+00    0.256005467739142678E+00    0.176884482986630842E+01    0.538415722723409090E+03   -0.426586422213159153E+02
    0.737200892559268617E+01    0.325665641160285402E+00    0.256005467739142678E+00    0.176884482986630842E+01    0.538415722723409090E+03   -0.426586422213159153E+02
    0.561139634642807561E+01    0.374839842682547997E+00    0.249568990278790787E+00    0.191278537939428350E+01    0.650805731923404096E+03   -0.425159959918359078E+02
    0.561139634642807561E+01    0.374839842682547997E+00    0.249568990278790787E+00    0.191278537939428350E+01    0.650805731923404096E+03   -0.425159959918359078E+02
    0.485501411216414880E+01    0.308736523079819525E+00    0.234098716477557173E+00    0.212224087436590558E+01    0.729857168693489143E+03   -0.424576301352049370E+02
    0.618925653323980640E+01    0.390365232008268004E+00    0.257840850805280353E+00    0.179523866412009347E+01    0.704177348424731235E+03   -0.424085923883743519E+02
    0.805996072413429232E+01    0.299085397185656965E+00    0.252918486522346941E+00    0.183618211066331316E+01    0.792224220542122112E+03   -0.423746124647731079E+02
    0.805996072413429232E+01    0.299085397185656965E+00    0.252918486522346941E+00    0.183618211066331316E+01    0.792224220542122112E+03   -0.423746124647731079E+02
    0.887051349851293303E+01    0.229133081654321530E+00    0.242360238418451668E+00    0.193988103866210326E+01    0.829923268834167402E+03   -0.423040264970208355E+02
    0.604394247720840028E+01    0.353845749337472482E+00    0.245891930766482081E+00    0.192746971647948651E+01    0.542809385556193206E+03   -0.422239163673628184E+02
    0.621226520908743041E+01    0.300118493530243446E+00    0.237963703201169829E+00    0.202436166542166029E+01    0.595531301384587096E+03   -0.421353637818699980E+02
    0.611361112855060362E+01    0.383954926111717776E+00    0.258887435552960787E+00    0.175115922685192649E+01    0.568586687376159944E+03   -0.419675507711871916E+02
    0.806038290416489822E+01    0.272603843063487117E+00    0.245175326248043834E+00    0.194035133468770549E+01    0.957648813087691110E+03   -0.419368381393434788E+02
    0.484373362721800671E+01    0.310607849801822433E+00    0.236592740384845984E+00    0.204943831450051839E+01    0.657977830258678637E+03   -0.419025906612611863E+02
    0.618259802592595342E+01    0.330645838391814662E+00    0.249623190454080324E+00    0.186473526857346839E+01    0.558423865124615986E+03   -0.418924353383547370E+02
    0.698374639841050371E+01    0.250231143526109978E+00    0.239571028905375571E+00    0.198435975211283244E+01    0.750424895641046191E+03   -0.415213595084728624E+02
    0.698374639841050371E+01    0.250231143526109978E+00    0.239571028905375571E+00    0.198435975211283244E+01    0.750424895641046191E+03   -0.415213595084728624E+02
    0.644183171062636450E+01    0.257526558200771916E+00    0.234190675601445908E+00    0.206860328983564257E+01    0.716534360648128200E+03   -0.417724276299439339E+02
    0.666478231605846627E+01    0.257927756776331674E+00    0.236684198864815537E+00    0.206045349388696053E+01    0.944349463147819847E+03   -0.409500710166003117E+02
    0.666478231605846627E+01    0.257927756776331674E+00    0.236684198864815537E+00    0.206045349388696053E+01    0.944349463147819847E+03   -0.409500710166003117E+02
    0.666478231605846627E+01    0.257927756776331674E+00    0.236684198864815537E+00    0.206045349388696053E+01    0.944349463147819847E+03   -0.409500710166003117E+02
    0.650370912404745383E+01    0.291284705088205753E+00    0.236190539047795051E+00    0.206579423908394233E+01    0.790740792381296046E+03   -0.418545848143029389E+02
    0.827163683996753996E+01    0.188336391039884393E+00    0.233089734810334265E+00    0.207715081628579501E+01    0.121436989471076481E+04   -0.414901329702173953E+02
    0.827163683996753996E+01    0.188336391039884393E+00    0.233089734810334265E+00    0.207715081628579501E+01    0.121436989471076481E+04   -0.414901329702173953E+02
    0.769706774532232885E+01    0.238577473156349973E+00    0.240851203788169238E+00    0.200009464282947658E+01    0.116841685618523570E+04   -0.411352731411821182E+02
    0.769706774532232885E+01    0.238577473156349973E+00    0.240851203788169238E+00    0.200009464282947658E+01    0.116841685618523570E+04   -0.411352731411821182E+02
    0.615403933213786125E+01    0.204310318008701725E+00    0.224068979288353065E+00    0.222311384132098588E+01    0.110849409704244954E+04   -0.413342393940582440E+02
    0.615403933213786125E+01    0.204310318008701725E+00    0.224068979288353065E+00    0.222311384132098588E+01    0.110849409704244954E+04   -0.413342393940582440E+02
    0.863479224732162187E+01    0.166861470040577636E+00    0.232649934633425398E+00    0.207590515306933465E+01    0.141926738452259178E+04   -0.417753710243562537E+02
    0.653145558728497555E+01    0.271340661520870330E+00    0.234534248892220881E+00    0.209844195424070756E+01    0.939566635046284546E+03   -0.415573472395698289E+02
    0.653145558728497555E+01    0.271340661520870330E+00    0.234534248892220881E+00    0.209844195424070756E+01    0.939566635046284546E+03   -0.415573472395698289E+02
    0.854051131261599039E+01    0.205053625146181695E+00    0.239348876623056872E+00    0.201419386139645695E+01    0.143700598455699105E+04   -0.418241523968186542E+02
