    0.810372901761810382E+01    0.502348720377780467E+01    0.146867401113278362E+01   -0.120028823027921461E+01    0.248713454406385335E+04   -0.118516796881375930E+37   -0.230091898153046470E+01    1
    0.287314321271555322E+02    0.145164142769134075E+01    0.104438426434008691E+00    0.389068818856129317E+00    0.368423206594186058E+04   -0.334703364267963284E+35   -0.240091898153046435E+01    1
    0.194026251647512815E+02    0.111680423096244019E+01    0.853282732547341743E-01    0.197696391487624723E+01    0.642882909777547866E+03   -0.349966636102053666E+29   -0.250091898153046444E+01    1
    0.979516404883604030E+00    0.555673239982842926E+01    0.223341198888012960E+00    0.266807922510248163E+01    0.189935212767136773E+04   -0.132563743133928154E+28   -0.260091898153046497E+01    1
    0.159918222900841176E+02    0.199330218933862580E+01    0.130827080114292627E+01    0.105551649627840338E+01    0.107861419652151176E+04   -0.463029261369924282E+22   -0.270091898153046506E+01    1
    0.607181672240621140E+01    0.247244187678247185E+01    0.113418781242923039E+01   -0.470296820882027422E+01    0.107600243851762889E+04   -0.160954936137755366E+19   -0.280091898153046470E+01    1
    0.376473119798652718E+02    0.203655500640609244E+01    0.921828505763465422E+00   -0.335576805948256496E+01    0.144071666834819348E+04   -0.127836980081023200E+18   -0.290091898153046479E+01    1
    0.297113323782612824E+02    0.697586150324436827E-01    0.214516849065187598E+01    0.333516654897565523E+01    0.333147182276931335E+04   -0.134261843304810580E+17   -0.300091898153046532E+01    1
    0.182777984216948468E+02    0.140780609693790559E+01    0.818904054491322864E+00   -0.163220265721662317E+00    0.542380734634047258E+03   -0.486845952476219875E+15   -0.310091898153046586E+01    1
    0.487384816417179678E+01    0.772386206922401758E-01    0.487787172020940074E-01    0.447052835428707773E+01    0.763903341898860049E+03   -0.313883605058241562E+14   -0.320091898153046506E+01    1
    0.213403657910354170E+02    0.880472786516519501E+00    0.735534816526469459E+00   -0.169158413300330412E+01    0.343585927116280936E+04   -0.149924725964923889E+12   -0.330091898153046515E+01    1
    0.312973809053817709E+01    0.282203372414900011E+00    0.941704924016270040E-01    0.347222427987621618E+01    0.254226805967252130E+04   -0.111954632779219330E+12   -0.340091898153046479E+01    1
    0.462809449814989122E+02    0.548298991755113985E+00    0.654367358119678610E+00    0.905650506359135909E+00    0.389349804031024064E+03   -0.353615993720980072E+11   -0.350091898153046488E+01    1
    0.261147906380160233E+01    0.229914512348541411E+01    0.259100980078089405E+00    0.204550446924402118E+01    0.576414222279731916E+03   -0.217559831703311615E+11   -0.360091898153046541E+01    1
    0.209770318803427962E+02    0.737965792068176474E+00    0.480274146406139746E+00    0.856889161534116206E+00    0.314405047396215332E+04   -0.853900347300612068E+10   -0.370091898153046506E+01    1
    0.139617868454125524E+02    0.952344980309060340E+00    0.413600165927343999E+00    0.211012250831116344E+01    0.308050075351034423E+03   -0.506833295457599258E+10   -0.380091898153046559E+01    1
    0.356812475866188024E+02    0.268608447581235477E+00    0.575720489216002385E+00   -0.123728496428888515E+00    0.571467911452285762E+03   -0.514406325053653773E+07   -0.390091898153046568E+01    1
    0.341075152852596730E+02    0.610158506892658908E-01    0.389793396997912212E+00   -0.170034493355146621E+01    0.850563537477008254E+03   -0.334850750362717081E+07   -0.400091898153046532E+01    1
    0.230882018682725736E+02    0.192931161056969003E+00    0.247967892090322301E+00    0.849075404191428351E+00    0.154955487556107369E+04   -0.211801618403596291E+07   -0.410091898153046586E+01    1
    0.218642632227868106E+02    0.695244839987179258E-01    0.521863082745898765E+00    0.513585823934428864E+00    0.764970482467852094E+03   -0.400147134713463020E+06   -0.420091898153046550E+01    1
    0.978385982463823023E+00    0.659232832167440663E-01    0.102764685946400980E+01   -0.269247523893412755E+01    0.138030814367111475E+04   -0.385405755785145157E+06   -0.430091898153046603E+01    1
    0.298547936615273279E+01    0.126040489480952589E+01    0.528342890009362964E+00   -0.263793548931616595E+01    0.155501925235846988E+04   -0.253696420427579287E+06   -0.440091898153046568E+01    1
    0.839287575970259780E+01    0.535451364515421080E+00    0.616965177098929396E+00   -0.436514895955934357E+01    0.280288820303661805E+04   -0.136216618979491876E+06   -0.450091898153046621E+01    1
    0.181565136798216287E+01    0.611410312030443506E-01    0.497014864299259507E+00   -0.106043488607863789E+01    0.192999306886608611E+04   -0.114546581782956258E+06   -0.460091898153046674E+01    1
    0.798745580357061513E+01    0.173113351057187864E+00    0.376178537770489929E+00   -0.359321909688166630E+00    0.123027684714873476E+04   -0.559882710802303991E+05   -0.470091898153046639E+01    1
    0.441307736756461040E+02    0.275893746886261504E+00    0.444241480509545539E+00   -0.137347374419423157E+00    0.836059952780371532E+03   -0.243209486335911097E+05   -0.480091898153046603E+01    1
    0.347903117473549059E+02    0.369331230182831760E+00    0.637142055739134072E+00   -0.275459724166788877E+01    0.406606245026726356E+03   -0.179616065443659718E+05   -0.490091898153046657E+01    1
    0.803851669272093972E+01    0.184304008072022657E+00    0.290658953219103289E+00    0.238325697606728104E+01    0.180721539023312107E+04   -0.154776342107169385E+05   -0.500091898153046621E+01    1
    0.348454148138816961E+02    0.175992852870656330E+00    0.491855320594898004E+00    0.555758783233791936E-01    0.240751971644270611E+03   -0.135389963527089476E+05   -0.510091898153046674E+01    1
    0.373305300191081670E+02    0.153498164083289590E+00    0.431001623688996804E+00   -0.132674590657614666E+01    0.234454073980646717E+04   -0.118011920775626040E+05   -0.520091898153046639E+01    1
    0.104991460055617303E+02    0.395564367062469779E+00    0.401534870948973277E+00   -0.771882550076096852E+00    0.241092081822745467E+04   -0.987366868638107917E+04   -0.530091898153046692E+01    1
    0.246396877861540666E+02    0.307115030627893915E+00    0.652384343831676428E+00   -0.393485140407858136E+01    0.174457178405351942E+04   -0.927698770347904610E+04   -0.540091898153046657E+01    1
    0.489873298962479353E+02    0.307546611679803517E+00    0.611400503357734326E+00   -0.298168045554564998E+01    0.387177094958587190E+03   -0.237706255149506205E+04   -0.550091898153046710E+01    1
    0.550224353384387825E+02    0.708795125068831938E-01    0.341417665505618473E+00    0.180040645539061206E+01    0.169900124372191783E+03   -0.235543380951923200E+04   -0.560091898153046674E+01    1
    0.890571345343691867E+01    0.254372237724786676E+00    0.333978054200304908E+00    0.117485955116457719E+01    0.253334621566919532E+04   -0.193177139136340429E+04   -0.570091898153046639E+01    1
    0.975191258442151643E+01    0.164545283816230209E+00    0.448830882294041833E+00   -0.347822249351932733E+00    0.149588518717006673E+04   -0.118031124828715247E+04   -0.580091898153046692E+01    1
    0.231237391260304292E+02    0.174879245731506816E+00    0.598977633415622823E+00   -0.197009701594293873E+01    0.315141985861750129E+03   -0.117016718887822162E+04   -0.590091898153046746E+01    1
    0.301528756887264606E+02    0.838217352153738660E-01    0.828738226324536198E+00   -0.468798224467446367E+01    0.196415574966691821E+03   -0.112325984561004680E+04   -0.600091898153046710E+01    1
    0.212047361294474115E+02    0.449815403669714287E+00    0.736792520868858047E+00   -0.439740542979984816E+01    0.121485066100673762E+03   -0.109286833609477276E+04   -0.610091898153046763E+01    1
    0.236200515122136814E+02    0.717429021996878052E-01    0.495625469660945672E+00   -0.120304865917656501E+01    0.278424775261571483E+03   -0.883829774671962923E+03   -0.620091898153046728E+01    1
    0.496335489754482850E+01    0.267012163092152477E+00    0.264040290799827659E+00    0.218377916695679231E+01    0.295214675662188347E+04   -0.864674456452208915E+03   -0.630091898153046603E+01    1
    0.185852022647176831E+02    0.110490073326782567E+00    0.465984411964953660E+00   -0.819255540720962294E+00    0.166865106875887989E+03   -0.808467919667122487E+03   -0.640091898153046657E+01    1
    0.264503168001875970E+02    0.894329109416702600E-01    0.443506045198427346E+00   -0.621729984718464079E+00    0.631027496409881451E+03   -0.596320529185553710E+03   -0.650091898153046799E+01    1
    0.607781517980123365E+00    0.330324622011825109E+00    0.292597948829087628E+00    0.240953982623308605E+01    0.104424491017581681E+04   -0.531201533139011644E+03   -0.660091898153046763E+01    1
    0.142324537037048877E+02    0.138139804388984905E+00    0.261233295877739580E+00    0.232758802179445379E+01    0.105424966954140268E+04   -0.418399115735426619E+03   -0.670091898153046817E+01    1
    0.788237058846336325E+01    0.111714330699515668E+00    0.347633817753633667E+00    0.240606724081309098E+01    0.450990927554466055E+02   -0.320999846193931262E+03   -0.680091898153046692E+01    1
    0.100829681065960077E+02    0.188403534569755587E+00    0.384995816299585236E+00    0.423972355446535554E+00    0.857297931174454789E+03   -0.293165019198973880E+03   -0.690091898153046746E+01    1
    0.162226199949585919E+02    0.153539541854339212E+00    0.356038759303330843E+00    0.796757918334913162E+00    0.996701416777605800E+03   -0.261624903435369447E+03   -0.700091898153046710E+01    1
    0.868926736106981856E+01    0.186873224942827210E+00    0.382981086570697571E+00    0.643992289855342293E+00    0.742882647189239719E+03   -0.246950107068110981E+03   -0.710091898153046674E+01    1
    0.201938981345093822E+02    0.138101854286954484E+00    0.211448711925614846E+00    0.256678093206331548E+01    0.198520527714865216E+04   -0.222844183189865049E+03   -0.720091898153046728E+01    1
    0.505213980364998427E+01    0.396683435068861501E+00    0.276685807828544406E+00    0.161542877866883017E+01    0.202948474160850333E+04   -0.217704986844110834E+03   -0.730091898153046781E+01    1
    0.222194275318471099E+02    0.885293857182475469E-01    0.305195496127479760E+00    0.163269892424926755E+01    0.735422715546893983E+03   -0.208328189293949464E+03   -0.740091898153046834E+01    1
    0.817764518096110216E+01    0.170552284280404587E+00    0.479589648163128546E+00    0.117137517637983815E+00    0.150562180836304833E+03   -0.208027300207259771E+03   -0.750091898153046799E+01    1
    0.114597737014497492E+01    0.240740150637712841E+00    0.308498882984125700E+00    0.223895733031925115E+01    0.631630614056447939E+03   -0.206675270685708909E+03   -0.760091898153046852E+01    1
    0.695430330702266453E+01    0.245445592359788106E+00    0.243799934321551726E+00    0.251428122252225172E+01    0.900412001385352141E+03   -0.189513449607631003E+03   -0.770091898153046639E+01    1
    0.718346187309445305E+01    0.153251150030966593E+00    0.198001511860216500E+00    0.311168370577534414E+01    0.175732855838584919E+04   -0.175181735846320407E+03   -0.780091898153046781E+01    1
    0.328087070049247558E+02    0.100116511469281258E+00    0.340327515470116859E+00    0.668708347557877225E+00    0.822185287302418033E+03   -0.163273046173815487E+03   -0.790091898153046834E+01    1
    0.147234224426239528E+02    0.150287104925763026E+00    0.242507618789026685E+00    0.209378715246629499E+01    0.174015043900923047E+04   -0.162383022986307822E+03   -0.800091898153046799E+01    1
    0.953700591854277135E+01    0.249740648200134058E+00    0.355212051827552611E+00    0.721116153879135524E+00    0.583474167937496304E+03   -0.154095864246146192E+03   -0.810091898153046763E+01    1
    0.954360176242537683E+01    0.991366016962730301E-01    0.352959473956739767E+00    0.118154035235890054E+01    0.637609493732640544E+03   -0.145573829112672342E+03   -0.820091898153046728E+01    1
    0.205836062905894899E+02    0.594654314042350404E-01    0.281017001413252920E+00    0.177387629648617318E+01    0.140215708005839156E+04   -0.140090842644835419E+03   -0.830091898153046870E+01    1
    0.141590903862779189E+02    0.176577940460900695E+00    0.456522684764808784E+00   -0.316487402734850209E+00    0.558994682606109166E+02   -0.137276326879471071E+03   -0.840091898153046834E+01    1
    0.749556259847749651E+01    0.139681686362967739E+00    0.253952101853664236E+00    0.234621094214593739E+01    0.123008102554300240E+04   -0.130569760587204570E+03   -0.850091898153046799E+01    1
    0.129012470731069548E+02    0.183122033432897457E+00    0.242490282203951441E+00    0.213898714316075456E+01    0.140214562163612868E+04   -0.126498662530471918E+03   -0.860091898153046763E+01    1
    0.228150924801628143E+02    0.113835884742544510E+00    0.401726643405380945E+00    0.166071439944034172E+00    0.174739262514997051E+02   -0.122696038331352256E+03   -0.870091898153046728E+01    1
    0.463509955069987001E+01    0.376443607381690415E+00    0.308707415958338560E+00    0.133230901205226937E+01    0.871324380177311127E+03   -0.116767554752979891E+03   -0.880091898153046870E+01    1
    0.157225993336670147E+02    0.171654097877913664E+00    0.428725487997376642E+00    0.662918033839687004E-01    0.209581184354232363E+03   -0.116187411494821092E+03   -0.890091898153046834E+01    1
    0.117418608422720574E+02    0.137503967724115855E+00    0.325464234035590272E+00    0.113714954680161262E+01    0.674217136909092687E+03   -0.113724952659934772E+03   -0.900091898153046799E+01    1
    0.206332573615475354E+02    0.644732179953092926E-01    0.358020693615331398E+00    0.745830957252102245E+00    0.323125992031253190E+03   -0.102529917197191679E+03   -0.910091898153046941E+01    1
    0.198850867357638208E+02    0.118796831497677932E+00    0.337253355916051600E+00    0.103084200203672927E+01    0.576192164039010322E+03   -0.102036155469634537E+03   -0.920091898153046905E+01    1
    0.160775029709127679E+02    0.112925569649868829E+00    0.417714070452124164E+00    0.301977239872243508E+00    0.207085345761496171E+03   -0.100981746593662834E+03   -0.930091898153046870E+01    1
    0.221880284019558509E+02    0.661958417688884165E-01    0.271608518683694122E+00    0.179466954480961616E+01    0.114022714374734824E+04   -0.954102761598640967E+02   -0.940091898153046834E+01    1
    0.220430378377202167E+02    0.589920691980260689E-01    0.305273406822067273E+00    0.138036408411301714E+01    0.890283679656726008E+03   -0.925656060983905604E+02   -0.950091898153046799E+01    1
    0.184703551296643766E+02    0.793801420760453791E-01    0.310130961374109670E+00    0.127410800104898758E+01    0.341647395254833896E+03   -0.898563937334372298E+02   -0.960091898153046941E+01    1
    0.129729971365377477E+02    0.149585712315696145E+00    0.238819223467627989E+00    0.227752840520337196E+01    0.781098473881063569E+03   -0.894800391969703952E+02   -0.970091898153046905E+01    1
    0.115016941759572155E+02    0.163669830718863762E+00    0.263707565268330890E+00    0.190993108398990441E+01    0.116600768453238629E+04   -0.869988540428126953E+02   -0.980091898153046870E+01    1
    0.150725257333831753E+02    0.228550443923789398E+00    0.320174212654058377E+00    0.131945818295497297E+01    0.291665352669128083E+03   -0.854674786885833129E+02   -0.990091898153046834E+01    1
    0.819604870021625587E+01    0.153086674855892613E+00    0.212356410476481045E+00    0.276640436147584934E+01    0.609786832202922938E+03   -0.850937834501578863E+02   -0.100009189815304698E+02    1
    0.129685151829653460E+02    0.100319460646619507E+00    0.294495180225305853E+00    0.152083638899486973E+01    0.623420109842367992E+03   -0.844218805433308859E+02   -0.101009189815304694E+02    1
    0.949485021946033214E+01    0.216220926226118576E+00    0.451440872019091832E+00    0.412169038699420204E-01    0.626402811558475037E+02   -0.838979018543222992E+02   -0.102009189815304691E+02    1
    0.247948500418599522E+02    0.677248825688646222E-01    0.268136009740463366E+00    0.185136746256620999E+01    0.334335377517398001E+03   -0.835151669953799853E+02   -0.103009189815304687E+02    1
    0.152754322516956620E+02    0.125705260657552692E+00    0.258170068989708901E+00    0.201739461321050673E+01    0.177871111225109701E+03   -0.816325103186337344E+02   -0.104009189815304683E+02    1
    0.216580845747235218E+01    0.508248401438681219E+00    0.241239472849196446E+00    0.236725570803510621E+01    0.677875375590414137E+03   -0.793240761758673756E+02   -0.105009189815304680E+02    1
    0.115246215164708037E+02    0.169486120026654224E+00    0.258582248631036793E+00    0.214241404276045877E+01    0.445245218771819054E+03   -0.790950257078581700E+02   -0.106009189815304694E+02    1
    0.174400850082921686E+02    0.747542748782523692E-01    0.274970977532755068E+00    0.188646619615728617E+01    0.660421257044082495E+03   -0.789339874455115194E+02   -0.107009189815304691E+02    1
    0.115683639278753052E+02    0.131358786467428296E+00    0.287600494919101446E+00    0.163519497996903329E+01    0.859583849369239942E+03   -0.784413219961244863E+02   -0.108009189815304687E+02    1
    0.964056293203306147E+01    0.945850002582873661E-01    0.247500114497842927E+00    0.230946048580370622E+01    0.102791598632702107E+04   -0.777772612145515723E+02   -0.109009189815304701E+02    1
    0.760283181423470289E+01    0.935504544157208656E-01    0.214354177827656672E+00    0.270900435745395862E+01    0.118457626215724599E+04   -0.772408229120666761E+02   -0.110009189815304698E+02    1
    0.583981141636262713E+01    0.271014873798033462E+00    0.310047732042427970E+00    0.139736137086102818E+01    0.471683558982280601E+03   -0.770246321924918647E+02   -0.111009189815304694E+02    1
    0.736780679462931154E+01    0.189239598603661213E+00    0.235512379741093625E+00    0.238052628891829743E+01    0.110391014684806055E+04   -0.766837666832297060E+02   -0.112009189815304691E+02    1
    0.646383934854156195E+01    0.366197233922194998E+00    0.309013485231503904E+00    0.157508438322821775E+01    0.184105825777582737E+03   -0.759528778305772647E+02   -0.113009189815304705E+02    1
    0.936553105412124509E+01    0.155242494582812141E+00    0.301404726105638121E+00    0.157859677688661604E+01    0.651978857517284268E+03   -0.750309561684004649E+02   -0.114009189815304701E+02    1
    0.263946505593333436E+01    0.173717820973002895E+00    0.231718074041830424E+00    0.245473518180854988E+01    0.122561293465615586E+04   -0.749741803977752994E+02   -0.115009189815304698E+02    1
    0.961106466948759852E+01    0.123829089712482590E+00    0.260224081693276876E+00    0.205397203227321690E+01    0.112444235363330290E+04   -0.739313863481555700E+02   -0.116009189815304694E+02    1
    0.140953789922803701E+02    0.137391281486389044E+00    0.339184867826462899E+00    0.114000811697607740E+01    0.124614607743390380E+03   -0.722008667720163260E+02   -0.117009189815304691E+02    1
    0.711124489854696051E+01    0.670464393668766673E-01    0.253561884817130101E+00    0.215290864881604893E+01    0.105257466207591665E+04   -0.712821924607158763E+02   -0.118009189815304705E+02    1
    0.819283043015314227E+01    0.155315168804972842E+00    0.287927399967074504E+00    0.169068384019604889E+01    0.411889908406437144E+03   -0.690468206059379952E+02   -0.119009189815304701E+02    1
    0.114479137806442974E+02    0.135923535000792239E+00    0.274562358943895968E+00    0.185869769087791559E+01    0.654103207444954933E+03   -0.687454418834977616E+02   -0.120009189815304698E+02    1
    0.377189947426133854E+01    0.237747922944218010E+00    0.232132328203004140E+00    0.257647624701487565E+01    0.811123580613951844E+03   -0.683352954904923138E+02   -0.121009189815304694E+02    1
    0.103959949364831097E+02    0.113597142790844458E+00    0.287814643559562156E+00    0.172070079725703962E+01    0.271988273378409758E+03   -0.674771446548302265E+02   -0.122009189815304691E+02    1
    0.100345544928981951E+02    0.107343258054908144E+00    0.286887009210167909E+00    0.174665527878544036E+01    0.546046638681727131E+03   -0.667868774941365615E+02   -0.123009189815304705E+02    1
    0.604659155830776474E+01    0.142411546289969049E+00    0.230167184321717316E+00    0.246662977403264305E+01    0.107796289481125973E+04   -0.665557421209757791E+02   -0.124009189815304701E+02    1
    0.189710602428416863E+01    0.582336717152237227E+00    0.279266421460275971E+00    0.184097377440055610E+01    0.409775228634047835E+03   -0.660223529069936319E+02   -0.125009189815304698E+02    1
    0.664273336462339437E+01    0.171106657332861956E+00    0.252742383647190372E+00    0.217291963353503759E+01    0.253984875903188794E+03   -0.645769609315379114E+02   -0.126009189815304712E+02    1
    0.198451905920146809E+01    0.250555171627719397E+00    0.246644416221531299E+00    0.234660172780675680E+01    0.920837758551716774E+03   -0.644602648881586475E+02   -0.127009189815304708E+02    1
    0.494506094886149317E+01    0.208907718579737334E+00    0.278825300246324737E+00    0.187169055285838248E+01    0.189170210808566139E+03   -0.641853254235519159E+02   -0.128009189815304705E+02    1
    0.535252504737923651E+01    0.170355599769314636E+00    0.235082965655002224E+00    0.242821290904961762E+01    0.545194364601909456E+03   -0.628223791779008209E+02   -0.129009189815304701E+02    1
    0.435025212715440812E+01    0.215655065348638875E+00    0.251690826517925181E+00    0.215916867428781822E+01    0.489131779238183299E+03   -0.625808068102771529E+02   -0.130009189815304698E+02    1
    0.580177937894600149E+01    0.265037952706729252E+00    0.303714500672138787E+00    0.157601968852674390E+01    0.117233690314001365E+03   -0.624874850952919019E+02   -0.131009189815304712E+02    1
    0.599443081420994517E+01    0.410149314832976564E+00    0.342606126291267021E+00    0.103570578709860195E+01    0.125135493123259351E+03   -0.622413446974642568E+02   -0.132009189815304708E+02    1
    0.590990632200639787E+01    0.419699294062477024E+00    0.331462828090018924E+00    0.116123045268103198E+01    0.151105675263298849E+03   -0.615234844745336105E+02   -0.133009189815304705E+02    1
    0.628049002052692451E+01    0.122857257482427942E+00    0.256925249486026408E+00    0.217754335150648215E+01    0.692414210764351196E+03   -0.603768795292008420E+02   -0.134009189815304701E+02    1
    0.183076325206731538E+01    0.334191303530704475E+00    0.236007187427831167E+00    0.244387578681875706E+01    0.983118934287507273E+03   -0.598132518059021407E+02   -0.135009189815304715E+02    1
    0.206921653179186382E+01    0.489266284083110403E+00    0.299137919499818605E+00    0.163786909043432249E+01    0.358681743441187905E+03   -0.595406906293985969E+02   -0.136009189815304712E+02    1
    0.422133029617516975E+01    0.177693747229446114E+00    0.251723992139842589E+00    0.223091326761973274E+01    0.361120500607349470E+03   -0.593524383887273501E+02   -0.137009189815304708E+02    1
    0.480982837689636611E+01    0.233936030348217305E+00    0.274737789952655853E+00    0.197649209149098581E+01    0.563177229010309020E+03   -0.590520563386475175E+02   -0.138009189815304723E+02    1
    0.346417828571922648E+01    0.213740247250211013E+00    0.249285523512451840E+00    0.224068002144894463E+01    0.524465595620989575E+03   -0.590231536683928724E+02   -0.139009189815304701E+02    1
    0.470369088689602854E+01    0.295074603967251825E+00    0.300618102973099655E+00    0.161353381776598503E+01    0.320890421533145513E+03   -0.585914185534464949E+02   -0.140009189815304715E+02    1
    0.435764100372129093E+01    0.390498772171068320E+00    0.322404053194435380E+00    0.133349342366409651E+01    0.194726442143493443E+03   -0.584132329141597566E+02   -0.141009189815304712E+02    1
    0.454668286125798904E+01    0.307682255478537892E+00    0.298053754722608921E+00    0.169633393447881531E+01    0.265298208358179693E+03   -0.578073271775212376E+02   -0.142009189815304708E+02    1
    0.358428812931706231E+01    0.176721086503817543E+00    0.245352169409515208E+00    0.241448334879433490E+01    0.472387028845267650E+03   -0.577975313915047053E+02   -0.143009189815304723E+02    1
    0.354984232114863341E+01    0.290355233892032438E+00    0.271978412132206693E+00    0.193083741480712923E+01    0.447439076956669737E+03   -0.576945885436413306E+02   -0.144009189815304719E+02    1
    0.353380479213049226E+01    0.169365064065066878E+00    0.232658548375958590E+00    0.247398737701886962E+01    0.752797535897536363E+03   -0.576077546755465733E+02   -0.145009189815304715E+02    1
    0.438792250079880741E+01    0.338075388031272794E+00    0.290572437551464002E+00    0.166607052835314629E+01    0.372534749871045904E+03   -0.569920335330050065E+02   -0.146009189815304712E+02    1
    0.273278831821888435E+01    0.281766444592066234E+00    0.268980284889825561E+00    0.205129624995702287E+01    0.607408993016792124E+03   -0.566488100344416026E+02   -0.147009189815304708E+02    1
    0.342211477692281463E+01    0.225511050290374299E+00    0.247146586130414264E+00    0.232918383512153060E+01    0.960986977549737844E+03   -0.565512720322768061E+02   -0.148009189815304723E+02    1
    0.226947094887141887E+01    0.265845342498918447E+00    0.255413032986107180E+00    0.228687979046004397E+01    0.699600670967949100E+03   -0.565320656633162031E+02   -0.149009189815304719E+02    1
    0.204006741712846917E+01    0.317051877998965725E+00    0.254711608772592579E+00    0.225442842098876506E+01    0.526947400673776201E+03   -0.562841990231003351E+02   -0.150009189815304715E+02    1
    0.261427439124991068E+01    0.209250875667956582E+00    0.234222594246280391E+00    0.252350337117114876E+01    0.110900339966725892E+04   -0.559747253312774831E+02   -0.151009189815304730E+02    1
    0.290465072407956360E+01    0.279721205943808671E+00    0.269402246349426444E+00    0.203439632481699295E+01    0.512665755465412531E+03   -0.558796509788480265E+02   -0.152009189815304726E+02    1
    0.283032644543866940E+01    0.292238638751855073E+00    0.240925505549671931E+00    0.237799643041189102E+01    0.937620799441853819E+03   -0.558091994207871025E+02   -0.153009189815304723E+02    1
    0.260689407036927578E+01    0.326958885660931564E+00    0.236227352193461915E+00    0.242977828590892653E+01    0.634803137588230243E+03   -0.554401753794481920E+02   -0.154009189815304719E+02    1
    0.339706422603500258E+01    0.255476218356600671E+00    0.245291231057600534E+00    0.228308740862560233E+01    0.655178198551610194E+03   -0.550097886734244810E+02   -0.155009189815304715E+02    1
    0.409199312193115627E+01    0.310059873198898606E+00    0.278883850834991232E+00    0.184732502667388476E+01    0.320073027165143912E+03   -0.549109850597129068E+02   -0.156009189815304730E+02    1
    0.386122922956295334E+01    0.270727215084070050E+00    0.255075179460943491E+00    0.215895474555020517E+01    0.634578353066870818E+03   -0.546615840717900241E+02   -0.157009189815304726E+02    1
    0.318459674956826078E+01    0.313283847751565536E+00    0.249556706326633793E+00    0.224353370101604055E+01    0.721684262022500320E+03   -0.546108988536491466E+02   -0.158009189815304723E+02    1
    0.294833515864852425E+01    0.224837022664401892E+00    0.240785762501471101E+00    0.240936199773333071E+01    0.566758805376008695E+03   -0.545491370124466997E+02   -0.159009189815304737E+02    1
    0.277283095300816829E+01    0.228452264484339279E+00    0.243441125714944279E+00    0.238401740657449190E+01    0.581441243184875589E+03   -0.544872032778606084E+02   -0.160009189815304715E+02    1
    0.336951290423381167E+01    0.275069396071887684E+00    0.251365008585125060E+00    0.224509652659071213E+01    0.370869743241164997E+03   -0.544849540816588345E+02   -0.161009189815304730E+02    1
    0.317141629758178656E+01    0.293105643924440218E+00    0.261651944681060733E+00    0.212415897272251497E+01    0.276184000561754601E+03   -0.542135709622300226E+02   -0.162009189815304708E+02    1
    0.290188292642147649E+01    0.407081359168717960E+00    0.303341628119273565E+00    0.162551348118169958E+01    0.231052718094476432E+03   -0.541842915298708689E+02   -0.163009189815304723E+02    1
    0.239078015268730892E+01    0.289505944931097214E+00    0.251973422935104441E+00    0.228016965925027693E+01    0.481736543498601691E+03   -0.541482811577162764E+02   -0.164009189815304737E+02    1
    0.246782276472665618E+01    0.290594808922467085E+00    0.253595356264019411E+00    0.225454138636380907E+01    0.420223597814352956E+03   -0.541196742789016483E+02   -0.165009189815304715E+02    1
    0.300498490788695705E+01    0.228787589641202882E+00    0.239078518358516900E+00    0.241568032166946844E+01    0.782096342031575773E+03   -0.541167900965630935E+02   -0.166009189815304730E+02    1
    0.337008072552696047E+01    0.277873652038726937E+00    0.250938723133132258E+00    0.225143122689002606E+01    0.448714091951127443E+03   -0.539837995350139934E+02   -0.167009189815304744E+02    1
    0.314432763711519758E+01    0.317500919187175601E+00    0.250459752277582381E+00    0.225132048046701749E+01    0.541031915080009071E+03   -0.539546949735618000E+02   -0.168009189815304723E+02    1
    0.331809101567797171E+01    0.302555796662432375E+00    0.255769586108757108E+00    0.218297038233818252E+01    0.340808365254975456E+03   -0.539226183900696157E+02   -0.169009189815304737E+02    1
    0.288089674839869758E+01    0.283106121989704251E+00    0.245507132639033759E+00    0.234510957934644537E+01    0.560320113958235083E+03   -0.538320712057525412E+02   -0.170009189815304751E+02    1
    0.383464364682356740E+01    0.347032063622813969E+00    0.272085073892013474E+00    0.190009487959919010E+01    0.394072731706037359E+03   -0.536954639719957498E+02   -0.171009189815304730E+02    1
    0.367122445915371776E+01    0.316717988404327022E+00    0.264017660724256031E+00    0.205205978151245683E+01    0.380949538952482669E+03   -0.533231902530062953E+02   -0.172009189815304744E+02    1
    0.300483576037934830E+01    0.318626370451247309E+00    0.269507653873238773E+00    0.204997737308595074E+01    0.297011155526712741E+03   -0.533003674227632089E+02   -0.173009189815304723E+02    1
    0.241964466941122591E+01    0.423967695201786288E+00    0.285951870551542364E+00    0.184006863482860084E+01    0.175300048475053131E+03   -0.532753275361861185E+02   -0.174009189815304737E+02    1
    0.300181310198978268E+01    0.266158442800966399E+00    0.247891750405110411E+00    0.229828067798992208E+01    0.680013641194969182E+03   -0.532354738539140300E+02   -0.175009189815304751E+02    1
    0.339288192176797132E+01    0.306232306576247948E+00    0.267753448423484530E+00    0.203910003800556039E+01    0.338379909931144539E+03   -0.531666211957355941E+02   -0.176009189815304730E+02    1
    0.366920146381343759E+01    0.449493471199451822E+00    0.285888064093750227E+00    0.172333175550385520E+01    0.193764317635148359E+03   -0.531610435218398578E+02   -0.177009189815304744E+02    1
    0.256716804179859626E+01    0.451965270622851023E+00    0.301121857681597160E+00    0.164790742492932440E+01    0.181009788201232283E+03   -0.530804214316092597E+02   -0.178009189815304723E+02    1
    0.234320939203551726E+01    0.457536608949135060E+00    0.272198977986648383E+00    0.193907322620442524E+01    0.448848853900351514E+03   -0.530194082203828216E+02   -0.179009189815304737E+02    1
    0.279315894998793146E+01    0.284064006074771891E+00    0.254515631047046720E+00    0.223257165275161595E+01    0.542918418154004826E+03   -0.528847467690849840E+02   -0.180009189815304751E+02    1
    0.223792233592170131E+01    0.387511479690853089E+00    0.257637832669443123E+00    0.216710602495586269E+01    0.492354401992289581E+03   -0.527417365520790966E+02   -0.181009189815304730E+02    1
    0.218763991793146095E+01    0.403928148439854418E+00    0.259804643803831892E+00    0.211722088535711173E+01    0.523171393139294992E+03   -0.527258998059722970E+02   -0.182009189815304744E+02    1
    0.332865389309713455E+01    0.350666425142200866E+00    0.279833833540992782E+00    0.186841095738991836E+01    0.306094574474592093E+03   -0.526037223768691362E+02   -0.183009189815304758E+02    1
    0.228700422236928924E+01    0.434205962794957212E+00    0.270898913369946315E+00    0.199030913356363381E+01    0.407658414892324856E+03   -0.525203907792033320E+02   -0.184009189815304737E+02    1
    0.220148881761981396E+01    0.416037975025183915E+00    0.273115582389839739E+00    0.198021603023974624E+01    0.323181926636465619E+03   -0.523936828260206511E+02   -0.185009189815304751E+02    1
