    0.552825972294656687E+01    0.416898726195129576E+00    0.311895647445374735E+00    0.131034495992809563E+01    0.197509952257204077E+03   -0.622473553004116340E+02
    0.832991324691358059E+01    0.866197934573783301E-01    0.541652039097307192E+00   -0.242329898050555853E+00    0.830604683170736280E+02   -0.610325494701659252E+02
    0.680843473300394386E+01    0.327501603277980002E+00    0.407415286996960613E+00    0.474443625578066630E+00    0.156046120733640805E+03   -0.606292110768348493E+02
    0.724510430620667467E+01    0.293557130403828304E+00    0.326839989868754843E+00    0.120945465351299331E+01    0.297953091073567407E+03   -0.604992411480147751E+02
    0.914901375509193393E+01    0.267436375179750996E+00    0.357678588925706531E+00    0.809817096700907291E+00    0.404023508243131403E+03   -0.599657801169168394E+02
    0.968765020136721944E+01    0.486926998315848736E+00    0.346817437853557509E+00    0.799802300456306847E+00    0.227839338677995784E+03   -0.598093923174885020E+02
    0.622616201106864153E+01    0.318780852788715152E+00    0.341976952753389463E+00    0.101279745443410629E+01    0.482181013437932847E+03   -0.594750323466333128E+02
    0.727105746678666165E+01    0.264299983483490042E+00    0.317455838865210060E+00    0.125408660088185875E+01    0.418834259870118217E+03   -0.593591047339539983E+02
    0.712205619931081113E+01    0.327941189490701668E+00    0.372122270654504372E+00    0.725098372858384743E+00    0.300268353868106487E+03   -0.593392777977801984E+02
    0.691505391436397954E+01    0.354851358372146208E+00    0.316880259814269150E+00    0.124145443938525224E+01    0.311589194336706328E+03   -0.588799549219334324E+02
    0.986839298194366421E+01    0.371727843273478242E+00    0.343110278588233675E+00    0.896993079158922568E+00    0.296959873973160711E+03   -0.586924994292763742E+02
    0.580505138980505908E+01    0.470608861748671337E+00    0.340771208783514357E+00    0.101065984113990304E+01    0.250001588573812114E+03   -0.585136763991731428E+02
    0.738241885432802913E+01    0.309394709643772359E+00    0.344847993275655684E+00    0.967972825927769231E+00    0.466651088948812912E+03   -0.584437649399628754E+02
    0.960893898177747019E+01    0.379247610888043152E+00    0.337279271601325370E+00    0.924134133032788574E+00    0.264426263289102735E+03   -0.580767444643004964E+02
    0.915385538697431400E+01    0.371781619964808518E+00    0.332883362403801397E+00    0.986793814283279391E+00    0.452949016064893613E+03   -0.579817574184833404E+02
    0.545358695746468136E+01    0.404952315670005281E+00    0.319772959081930042E+00    0.119743280581643274E+01    0.382346838913964518E+03   -0.579704002865263064E+02
    0.971748482005644476E+01    0.360378181065984016E+00    0.349723983823667262E+00    0.830112175378429629E+00    0.303877714414274692E+03   -0.578564081283934257E+02
    0.971748482005644476E+01    0.360378181065984016E+00    0.349723983823667262E+00    0.830112175378429629E+00    0.303877714414274692E+03   -0.578564081283934257E+02
    0.881533111773210187E+01    0.318206554394806218E+00    0.327922066721688055E+00    0.107837241855094446E+01    0.430580392056082871E+03   -0.577541914020363123E+02
    0.881533111773210187E+01    0.318206554394806218E+00    0.327922066721688055E+00    0.107837241855094446E+01    0.430580392056082871E+03   -0.577541914020363123E+02
    0.914894061175439788E+01    0.336801689924083492E+00    0.334277474711186073E+00    0.960798887679886859E+00    0.313092279553319145E+03   -0.577429246076044507E+02
    0.668398262068995397E+01    0.485127547143926696E+00    0.340486595995828867E+00    0.943965295660705306E+00    0.356036101348822172E+03   -0.577019319100076231E+02
    0.550719538105303030E+01    0.606215270091965297E+00    0.349151586504618139E+00    0.820051228058882753E+00    0.966134837642600814E+02   -0.576356718397360126E+02
    0.664823542312366378E+01    0.461795291721691648E+00    0.379226702864179366E+00    0.607320064596317488E+00    0.153942167200082508E+03   -0.575451009716414603E+02
    0.997317254557106381E+01    0.356379909231094083E+00    0.362085834936237139E+00    0.686400187038173293E+00    0.252488023243099406E+03   -0.575230965088455335E+02
    0.478996541264158893E+01    0.510833983849572570E+00    0.329860802588538449E+00    0.104337210704297845E+01    0.262891904142644762E+03   -0.573852187480260696E+02
    0.682853433377360375E+01    0.346733483223160943E+00    0.346148998789702789E+00    0.904857703832005367E+00    0.290545396121880231E+03   -0.573144398309784435E+02
    0.971232555380422014E+01    0.392514835305633192E+00    0.346614856009916650E+00    0.828229466075420806E+00    0.292456415181473062E+03   -0.573084185461812865E+02
    0.627399708059596950E+01    0.400528927966532888E+00    0.359345196503371267E+00    0.794825140920280226E+00    0.178213580449991468E+03   -0.572945753441147829E+02
    0.849961856595017373E+01    0.467867439819501851E+00    0.341637701471754429E+00    0.848410779167600326E+00    0.171825690826076197E+03   -0.571878060380158146E+02
    0.889717203356949149E+01    0.347570062062088736E+00    0.362991874271808124E+00    0.693883821373557086E+00    0.227685898141275857E+03   -0.571616395445551291E+02
    0.619929239690739387E+01    0.411961678803580977E+00    0.319220865098155948E+00    0.114581553259158442E+01    0.460187174519345604E+03   -0.570547875578269483E+02
    0.505121725361123985E+01    0.555520503375673602E+00    0.326052779865809828E+00    0.105291710899059843E+01    0.311475568030569434E+03   -0.570467180980811435E+02
    0.737036225565088987E+01    0.520793096273373113E+00    0.358025368550452860E+00    0.711812122919481260E+00    0.256971667042328704E+03   -0.567002788209532085E+02
    0.738249767648625976E+01    0.509356032473645248E+00    0.348040447162019428E+00    0.789348344841197536E+00    0.105708409184802122E+03   -0.566530490013410031E+02
    0.753606228432950509E+01    0.369971170772092739E+00    0.332236583749831837E+00    0.103766647646606525E+01    0.475046063696545900E+03   -0.565731428187299485E+02
    0.575971702988537881E+01    0.488154240270900430E+00    0.361830775819902639E+00    0.761775848735893213E+00    0.233852113009566324E+03   -0.565420918696317329E+02
    0.627466304381553641E+01    0.466521946574991631E+00    0.326492103405556788E+00    0.106999286421904127E+01    0.249960990984200293E+03   -0.565080884295455732E+02
    0.604441086972828412E+01    0.434523004821310732E+00    0.337182184146624597E+00    0.101523534701060814E+01    0.263274814328711159E+03   -0.563764636506511820E+02
    0.645465687551366774E+01    0.397349076189185468E+00    0.335956805716174423E+00    0.101470006267273027E+01    0.452135043838733679E+03   -0.563405175455252234E+02
    0.612007570014622893E+01    0.393427302365858544E+00    0.343206726930919359E+00    0.948047892568160799E+00    0.334123819708261635E+03   -0.561197853739224612E+02
    0.783812000259667130E+01    0.414969239965466141E+00    0.349763040105684209E+00    0.832212446347563417E+00    0.348238745056240646E+03   -0.561092708217515508E+02
    0.644694745714817952E+01    0.443854312586502930E+00    0.339089587413226201E+00    0.909122815502959369E+00    0.193274891449897382E+03   -0.553530514142612660E+02
    0.778611473873075344E+01    0.385810139613650682E+00    0.349841460529452586E+00    0.786607281581417794E+00    0.356115063252999676E+03   -0.552905645726792088E+02
    0.808983308466561191E+01    0.397744352903470544E+00    0.347559395488539036E+00    0.779184963214357706E+00    0.345285639497994055E+03   -0.551098443359074466E+02
    0.663632807802341684E+01    0.512781841219702050E+00    0.335098566387290520E+00    0.923729861664456808E+00    0.293220038288369665E+03   -0.546552988553527683E+02
    0.633745167603718151E+01    0.523786393891294555E+00    0.348859818710822001E+00    0.821030369534402338E+00    0.246548852761670332E+03   -0.544982898388716919E+02
    0.541174418316842321E+01    0.552523679484378971E+00    0.341008187707563304E+00    0.886348107531928164E+00    0.286837183912985552E+03   -0.543536868170296259E+02
    0.640136079984032147E+01    0.532627246087203909E+00    0.343060550748419901E+00    0.857923016897995105E+00    0.252071531801599576E+03   -0.541558099208286521E+02
    0.734447218375762478E+01    0.472402734181514572E+00    0.343863540029200832E+00    0.835741784101371232E+00    0.219328386039602833E+03   -0.541133846543612407E+02
    0.629138016016393742E+01    0.521334488561418175E+00    0.339155761862116156E+00    0.888963270963632146E+00    0.215635677581356276E+03   -0.539894041926044892E+02
    0.631982359037214536E+01    0.449497376455733677E+00    0.357395094048247541E+00    0.723385603785758002E+00    0.264118948683701319E+03   -0.539454267006654078E+02
    0.746910531536765010E+01    0.516080599273835205E+00    0.365201488384164497E+00    0.615714559789317883E+00    0.186938100280338631E+03   -0.539003630093649022E+02
    0.746910531536765010E+01    0.516080599273835205E+00    0.365201488384164497E+00    0.615714559789317883E+00    0.186938100280338631E+03   -0.539003630093649022E+02
    0.654722927622735540E+01    0.590562127145108362E+00    0.364225004476068814E+00    0.596409924546457471E+00    0.929756655593944288E+02   -0.538337900501644810E+02
    0.591702681261666541E+01    0.493320588805641169E+00    0.339688036912563940E+00    0.894716643713362569E+00    0.238905412347513561E+03   -0.537348433706490809E+02
    0.729748097098250526E+01    0.512641606164469299E+00    0.355257189252752514E+00    0.707187450073068491E+00    0.241726157887510567E+03   -0.535296184451109340E+02
    0.644771022565578988E+01    0.515266781388565409E+00    0.368633578915809612E+00    0.600887501781456113E+00    0.224161821485573569E+03   -0.535222842185049004E+02
    0.696429755978973120E+01    0.457213482598468113E+00    0.345499182570541907E+00    0.830039519050955965E+00    0.294885884701838336E+03   -0.534411904135134748E+02
    0.738066191183748010E+01    0.451482275371964725E+00    0.368359998359229279E+00    0.582681496967016099E+00    0.215632132915127727E+03   -0.534135318370263334E+02
    0.761856802616381223E+01    0.556840262173698197E+00    0.357023481596278280E+00    0.596716748042462442E+00    0.112565543720257210E+03   -0.533665507376329558E+02
    0.765933832841635720E+01    0.462632702453895095E+00    0.375084045711239100E+00    0.472425750117517473E+00    0.175686405605318896E+03   -0.533436794825778122E+02
    0.697153264830388331E+01    0.599072343428189269E+00    0.369027981258145121E+00    0.506443130423703480E+00    0.782495541414717763E+02   -0.532875698065764993E+02
    0.738537598051605393E+01    0.482221921217620975E+00    0.370696107767867933E+00    0.553950706086383415E+00    0.156784910245761807E+03   -0.531687395726963601E+02
    0.730885377258919533E+01    0.491620174814406230E+00    0.349478582164521046E+00    0.720963711912879557E+00    0.194591289738517276E+03   -0.530690585920201343E+02
    0.765000436934312855E+01    0.531385848031654562E+00    0.359527886550534304E+00    0.601527878927112014E+00    0.161905466684171756E+03   -0.521799302836296874E+02
    0.765000436934312855E+01    0.531385848031654562E+00    0.359527886550534304E+00    0.601527878927112014E+00    0.161905466684171756E+03   -0.521799302836296874E+02
    0.721990520719021767E+01    0.547794497533441227E+00    0.379297879609678645E+00    0.440313375040522925E+00    0.153765697643100907E+03   -0.524832898970151263E+02
    0.721990520719021767E+01    0.547794497533441227E+00    0.379297879609678645E+00    0.440313375040522925E+00    0.153765697643100907E+03   -0.524832898970151263E+02
    0.747912227984681888E+01    0.471340405014003094E+00    0.361061390920827674E+00    0.627215468840493395E+00    0.270756532802615197E+03   -0.529200218660527000E+02
    0.662573604342910460E+01    0.552173769056268582E+00    0.353987992166149346E+00    0.694121451765977726E+00    0.212540918830250121E+03   -0.519960761371939029E+02
    0.662573604342910460E+01    0.552173769056268582E+00    0.353987992166149346E+00    0.694121451765977726E+00    0.212540918830250121E+03   -0.519960761371939029E+02
    0.662573604342910460E+01    0.552173769056268582E+00    0.353987992166149346E+00    0.694121451765977726E+00    0.212540918830250121E+03   -0.519960761371939029E+02
    0.669352513297339868E+01    0.465849217742908328E+00    0.362701212252695360E+00    0.643980924159432311E+00    0.208484059464250549E+03   -0.530840262905315399E+02
    0.739124767727545162E+01    0.522052009910432324E+00    0.357709779457278887E+00    0.645133148437486148E+00    0.220402239962194585E+03   -0.522267270784211064E+02
    0.739124767727545162E+01    0.522052009910432324E+00    0.357709779457278887E+00    0.645133148437486148E+00    0.220402239962194585E+03   -0.522267270784211064E+02
    0.662815997229636444E+01    0.563219556911519592E+00    0.363042606061780626E+00    0.625312096417000252E+00    0.161505810773299459E+03   -0.527896818990382428E+02
    0.794877079838230305E+01    0.481707970414173681E+00    0.363811268887839656E+00    0.592752433882426155E+00    0.201320395888865619E+03   -0.527552670657423945E+02
    0.794877079838230305E+01    0.481707970414173681E+00    0.363811268887839656E+00    0.592752433882426155E+00    0.201320395888865619E+03   -0.527552670657423945E+02
    0.657647365371950698E+01    0.516826144366381746E+00    0.364741806100068955E+00    0.623842715297582284E+00    0.203355405287136705E+03   -0.524988270309108032E+02
    0.657647365371950698E+01    0.516826144366381746E+00    0.364741806100068955E+00    0.623842715297582284E+00    0.203355405287136705E+03   -0.524988270309108032E+02
