    0.800573602931787262E-58    0.345305941196229753E+03    0.262413315558529021E+02    0.358460075565918523E+00    0.570198042004970151E+00   -0.221614124785583444E+01    0.146148060386690702E+03
    0.128397677118577153E-39    0.261268100011041895E+03    0.288356367599193604E+02    0.439943053561798525E+00    0.259314454549604612E+00    0.183830896616193784E+01    0.332569881928401230E+03
    0.583027500918006722E-30    0.216595364224132055E+03    0.150287668922457307E+02    0.368900488371694868E+00    0.454543835360491866E+00   -0.847253232116851551E+00    0.547283111260030140E+02
    0.328813580090933673E-26    0.199120170264809815E+03    0.196974276928224015E+02    0.342235496697779584E+00    0.514704688475098537E+00   -0.414310892149786891E+00    0.104940735573257840E+03
    0.427402632261832048E-25    0.193790529004150699E+03    0.466141869894878269E+02    0.188269552075659902E+00    0.254701922615209742E+00    0.271053038351181907E+01    0.164992512362628986E+03
    0.132909344087938959E-19    0.168295626346686959E+03    0.350500388313006326E+02    0.181470464779408980E+00    0.392020843762115212E+00    0.103359250544362991E+01    0.784460969888490922E+02
    0.150937031885245292E-16    0.154025724848625202E+03    0.461208866204411976E+02    0.235952678229571111E+00    0.312562570677062557E+00    0.140272073481172876E+01    0.667626332356296786E+02
    0.467378300867486498E-15    0.146960002155878811E+03    0.346992628654312867E+02    0.520306879881258122E+00    0.876030777184590576E-01    0.464574158392028735E+01    0.128460927684805142E+03
    0.725632398715529028E-15    0.145880193050088309E+03    0.600112597958769953E+02    0.144954524762290343E+00    0.607234164122617437E+00   -0.170034493355146621E+01    0.674037682388716064E+02
    0.237789065997566754E-14    0.143306341954821647E+03    0.321307232174234940E+02    0.429092926661566010E+00    0.304091068433999412E+00    0.154402405406811427E+01    0.128143679043221283E+03
    0.343201550176721658E-14    0.142372474192699315E+03    0.222616318433234355E+02    0.189167380492025694E+00    0.244093915431385616E+00    0.239915182986942410E+01    0.121195458531798053E+03
    0.716515654114811022E-14    0.140700309771447593E+03    0.876060870765541999E+01    0.383664000521608650E+00    0.231918343131140070E+00    0.291585231878572682E+01    0.218365374485938901E+03
    0.171163421581675704E-13    0.138758702211794770E+03    0.480445823427810694E+02    0.176065649831295495E+00    0.420486943504869370E+00    0.832608193581940159E-01    0.136459542520480113E+03
    0.176973440835366384E-13    0.138491940436507633E+03    0.651418383973697672E+02    0.278878234423842408E+00    0.538467659074221228E+00   -0.137312242851047484E+01    0.768117259874559863E+02
    0.187246565127383830E-13    0.138179087218682128E+03    0.836758116402148318E+02    0.143349537341207978E+00    0.485211164665696082E+00   -0.816477379051431917E+00    0.633193977578204397E+02
    0.145404092947286553E-12    0.133879736161050403E+03    0.590770378675921037E+02    0.189506262273072990E+00    0.546661480298509583E+00   -0.186043753381982846E+01    0.378273014784547144E+02
    0.206921399523832214E-12    0.132974091572172028E+03    0.492296498631800858E+02    0.368801045477428091E+00    0.390657000443732028E+00    0.125561465737483752E+00    0.247629047239443338E+03
    0.788967294875754921E-12    0.130097319852343787E+03    0.339415130107722476E+02    0.382376360333042009E+00    0.363317717562471332E+00    0.321598024886851352E+00    0.299077843176125725E+03
    0.270629586821032900E-11    0.127432097308395342E+03    0.396239965388723405E+02    0.208194737161746746E+00    0.534602071783843114E+00   -0.112487112710830273E+01    0.298003178748794859E+02
    0.100056372861005722E-10    0.124616961706092297E+03    0.437829350017580126E+02    0.227359806204965625E+00    0.718862912949507771E+00   -0.282869323810001561E+01    0.112276713603872160E+02
    0.201386622683329511E-08    0.113807635732748821E+03    0.225856809271686600E+02    0.656102613609569563E+00    0.385684144462041856E+00    0.784864125250487599E-01    0.134795284038675305E+03
    0.382376800531947083E-08    0.112325275823098110E+03    0.954890584589946201E+01    0.265874119445453305E+00    0.453453136092547893E+00    0.280144026812506330E+00    0.859767761042334371E+02
    0.439644117720335410E-08    0.111846157693091186E+03    0.204974152574014781E+02    0.205311605654869916E+00    0.356860254549263622E+00    0.646937133845329804E+00    0.300909451658367857E+02
    0.219845378262604859E-07    0.108427069713303240E+03    0.658349898104104092E+01    0.252106255376694066E+00    0.490525213946024330E+00   -0.641393680646827197E-01    0.588926757606322937E+01
    0.349591612198130939E-07    0.107299387357803198E+03    0.317294914589542856E+02    0.238212941561387614E+00    0.436200577224891695E+00   -0.291957790713576748E+00    0.101104554033222627E+03
    0.370570642478047887E-07    0.106982830470617245E+03    0.196960974410892504E+02    0.147882763629027830E+00    0.456454945141877122E+00   -0.262004720784976664E+00    0.793015678181730266E+02
    0.362830895729113736E-07    0.106825044912181383E+03    0.211477887708938965E+02    0.305211784211117776E+00    0.458777611282457531E+00   -0.684973782385578822E+00    0.318881831505121696E+02
    0.337687741467705242E-07    0.106768675406320483E+03    0.180036416378774931E+02    0.419275631341875232E+00    0.536456156628365544E+00   -0.103438392547803248E+01    0.463404446773521457E+02
    0.307081432457719585E-07    0.106758692730215159E+03    0.233469325077189467E+02    0.232015399266585071E+00    0.450348230669528837E+00   -0.291926636570942366E+00    0.994234776339722544E+02
    0.550431761740629762E-07    0.105391512676443710E+03    0.542293216642292997E+01    0.405726900267337098E+00    0.457166826859695896E+00   -0.225022223182082315E+00    0.113145671493859140E+03
    0.520959711966473207E-07    0.105301573238685634E+03    0.682364872243351250E+01    0.235072128823802046E+00    0.536734507300058117E+00   -0.559925010907904475E+00    0.231228631175797332E+02
    0.718062797794781993E-07    0.104459804604987042E+03    0.755596509890767720E+01    0.154132602499599286E+00    0.440579615354492693E+00    0.252340987846809361E+00    0.282596271358547781E+02
    0.293987474041641195E-06    0.101440674151404650E+03    0.428813261380743782E+02    0.284066511113871878E+00    0.496708159993907383E+00   -0.122550195287286745E+01    0.106581533592924089E+03
    0.599778035319351122E-06    0.998146291823924088E+02    0.810550907808385546E+01    0.407499806076610738E+00    0.361533882158504793E+00    0.808501292496760060E+00    0.112594491417686541E+03
    0.904816264018112554E-06    0.987922846738586173E+02    0.807375653928464843E+01    0.241616429450429715E+00    0.388345411673284568E+00    0.257989138018780206E+00    0.325845552767725835E+02
    0.873816194988846469E-06    0.986620083730210808E+02    0.907984390441070488E+01    0.263560313506210175E+00    0.559771172116317217E+00   -0.615796590908131769E+00    0.741876177504724552E+02
    0.893841737953613849E-06    0.984166910084558992E+02    0.243642980436955838E+02    0.166403679082896078E+00    0.410591539966516095E+00   -0.153069718857179793E+00    0.473633986699038374E+02
    0.999273894452851201E-06    0.979936906542803143E+02    0.121867985158790457E+02    0.167465185550527279E+00    0.633423480954080076E+00   -0.125708736857420877E+01    0.326535009147804161E+02
    0.221211608443985772E-05    0.962043387923288265E+02    0.123282987237117077E+02    0.387335455114716953E+00    0.422627509756307584E+00   -0.216995230658465453E-01    0.317681055696517305E+02
    0.207886584788822120E-05    0.961285929565741668E+02    0.160345402092282612E+02    0.172648471211870380E+00    0.404724013843918318E+00    0.119596253619706022E+00    0.401496933933491249E+02
    0.193079785978407698E-05    0.960763712830156180E+02    0.210557009613903148E+02    0.489176312466038765E+00    0.415017835068983987E+00   -0.148363263581851118E+00    0.834787210718948387E+02
    0.183070126042375853E-05    0.959828397239666202E+02    0.112476170384592571E+02    0.253737342724948522E+00    0.541759924129951442E+00   -0.814890015659004208E+00    0.718435987917878407E+02
    0.257422553465919740E-05    0.951011404644249581E+02    0.183678224209234102E+02    0.277074359263413172E+00    0.404191686690692942E+00    0.577788312474708660E-01    0.582418440353161131E+02
    0.341349870042995134E-05    0.943367623613787885E+02    0.148521557748426289E+02    0.367141606172876056E+00    0.471799708472678825E+00   -0.488618072861704777E+00    0.944759582484870322E+02
    0.868576718875593276E-05    0.922688664542834402E+02    0.584834741629111576E+01    0.213670013876359227E+00    0.383383152433812269E+00    0.578724784216063326E+00    0.930665523508055088E+02
    0.133543180145282526E-04    0.912085583570418521E+02    0.106640569745700944E+02    0.523849359265030401E+00    0.422477943317615623E+00   -0.562780396973749861E-01    0.356971763364567281E+02
    0.886069819347026007E-04    0.872238166009394007E+02    0.146140819386786163E+02    0.466451893805365225E+00    0.440395911496453130E+00   -0.347234681514922094E+00    0.677897117152547821E+02
    0.947284997457599161E-04    0.868902081104988753E+02    0.845959745777852845E+01    0.448421692857794818E+00    0.356098471855360532E+00    0.495844561560225716E+00    0.302980333332884264E+02
    0.112775645636906856E-03    0.863414370991446845E+02    0.117751327813714735E+02    0.475610554283920517E+00    0.412166529682463867E+00   -0.346857658543093996E-02    0.543117045318541543E+02
    0.123985249263393712E-03    0.859519127137498913E+02    0.127235218338554201E+02    0.179552827544200821E+00    0.356606303671959668E+00    0.561534753328863712E+00    0.641435784473792836E+02
    0.127576576687910790E-03    0.856948043441345675E+02    0.137186277318292689E+02    0.467684177293041681E+00    0.376796664594386876E+00    0.272620622351372632E+00    0.103066385263378564E+03
    0.200120281014242097E-03    0.845944007340060011E+02    0.440062988195809535E+01    0.699212934354623616E+00    0.380134375001601688E+00    0.476472627796633685E+00    0.625021122773377371E+02
    0.221729942488353872E-03    0.841893175835255079E+02    0.808053738681919320E+01    0.437736373606821438E+00    0.423410995106055732E+00   -0.147182861760833785E-02    0.568403404367467928E+02
    0.201104471392003059E-03    0.841845888532998856E+02    0.717689234940774234E+01    0.271080692530511591E+00    0.326458070701389991E+00    0.991087863020343574E+00    0.158205465440806876E+03
    0.374966352822880464E-03    0.827385653234230745E+02    0.125164343728521406E+02    0.406014727650785501E+00    0.365981623083579122E+00    0.431691524818643091E+00    0.151287259001438827E+03
    0.373274327486263901E-03    0.825476106921943540E+02    0.101357636764415329E+02    0.383639247018944585E+00    0.362072517585166453E+00    0.427478215227126590E+00    0.794577600579907681E+02
    0.468176849182302816E-03    0.818945457008892532E+02    0.949021156907758368E+01    0.259111757339152371E+00    0.352433258636839997E+00    0.637404599006245465E+00    0.420863952392747507E+02
    0.658825809049491066E-03    0.810113195689306167E+02    0.517647004453007753E+01    0.723044205857935940E+00    0.382918009832132977E+00    0.414418551065350860E+00    0.650386114737361538E+02
    0.681584206921058899E-03    0.807433983064021419E+02    0.719887779416712181E+01    0.523405222283477856E+00    0.379108599373745914E+00    0.370950957592742825E+00    0.185171161255917980E+02
    0.658121428985317873E-03    0.806134590020407558E+02    0.615234841554114276E+01    0.212385181226580844E+00    0.351060972552024397E+00    0.786831862178199448E+00    0.823483792112110820E+02
    0.202509995609769736E-02    0.781654892369847403E+02    0.141128973858207534E+02    0.341099257442128101E+00    0.385352587264098045E+00    0.146389960930002089E+00    0.144820034176085585E+03
    0.246667155405455498E-02    0.775709879719100712E+02    0.650793318058854808E+01    0.446714616629645123E+00    0.419314542828286230E+00    0.937912434450595411E-01    0.140817183776270326E+03
    0.341947027949259528E-02    0.767177560576556772E+02    0.658405036980977520E+01    0.498222501001604867E+00    0.356847852477172711E+00    0.691372789623650896E+00    0.166221856498659321E+03
    0.378647177959989551E-02    0.763138580444461496E+02    0.998173685458758086E+01    0.200107341020815205E+00    0.348109757212871240E+00    0.695094595057820008E+00    0.206137356531675636E+03
    0.346110432434318426E-02    0.762935519436743306E+02    0.577563791141913985E+01    0.271635894947276690E+00    0.339159634488675810E+00    0.872463458140821047E+00    0.161657649022549521E+03
    0.402251586813297604E-02    0.757929122682968739E+02    0.128358141460368049E+02    0.370530405089964376E+00    0.380649956613421103E+00    0.256640068886209105E+00    0.171774832214482899E+03
    0.388646348688348161E-02    0.756617281281655636E+02    0.534696551649326324E+01    0.551585685295466699E+00    0.360158875371651532E+00    0.669563492221793899E+00    0.357943489351343032E+03
    0.543326834491375445E-02    0.747916456417086124E+02    0.110497104241168298E+02    0.350622104334229578E+00    0.373479819175539351E+00    0.353091395243135264E+00    0.145102159766660918E+03
    0.623613531465570716E-02    0.743160060579157715E+02    0.426033552236521462E+01    0.632104175991004658E+00    0.356749413428950057E+00    0.622003970768413517E+00    0.133747883252751194E+03
    0.979255838838417707E-02    0.732134818595338288E+02    0.103438991899881465E+02    0.383330160545183762E+00    0.392400704991652249E+00    0.191854584369282100E+00    0.147180883166068384E+03
    0.102504724750108467E-01    0.729220797584469551E+02    0.673671918601434694E+01    0.447285817810414654E+00    0.368202988430343658E+00    0.594770526313638137E+00    0.246626307042888129E+03
    0.954596438138516183E-02    0.728644903831050641E+02    0.111887670115526330E+02    0.351349145253586792E+00    0.378811801104331991E+00    0.320020151154150945E+00    0.187327031537339053E+03
    0.119520990276150083E-01    0.722149135301387872E+02    0.778044892970978630E+01    0.722989291868731954E+00    0.401697426625738041E+00    0.523769241653011045E-01    0.674847480486519657E+02
    0.122709866607210345E-01    0.719622520218638897E+02    0.683330189404496302E+01    0.259356815147752828E+00    0.373810358684945887E+00    0.572236992655579590E+00    0.349176430412234083E+03
    0.116100740332631923E-01    0.718729810129967319E+02    0.544305198866165085E+01    0.420917659890123252E+00    0.355303993125443973E+00    0.740860195134511512E+00    0.278024236865898104E+03
    0.119402421307174805E-01    0.716168985843103059E+02    0.616676749135612035E+01    0.283398886471838141E+00    0.347503272517128869E+00    0.773348552818264867E+00    0.215812774945814255E+03
    0.138421996629948547E-01    0.711212836122408021E+02    0.605186053821504455E+01    0.504720643378074429E+00    0.385067444025742500E+00    0.349187413622364662E+00    0.111133411589629986E+03
    0.134909231573018401E-01    0.709726931565540866E+02    0.709125904002920127E+01    0.416868213023742051E+00    0.367493653367847117E+00    0.427251803808761099E+00    0.112074815785799771E+03
    0.124642945998927820E-01    0.709309911079124191E+02    0.596653093040124460E+01    0.610842661879965942E+00    0.392356718421858264E+00    0.238511562370658847E+00    0.764310372332768253E+02
    0.115869650196096467E-01    0.708769658355847412E+02    0.896829374262009082E+01    0.269258758433995216E+00    0.371567391452243490E+00    0.458888492214973631E+00    0.218598988234858410E+03
    0.105325226002719648E-01    0.708677916364692493E+02    0.549957113081829085E+01    0.760246426517764418E+00    0.374487160053969148E+00    0.329158472997935103E+00    0.546726634932286117E+02
    0.115775702885131428E-01    0.704785880967674672E+02    0.765387263808009610E+01    0.254418463739926048E+00    0.375458537122904057E+00    0.533293487302761937E+00    0.413364328600901331E+03
    0.149858431222506094E-01    0.697625154305365243E+02    0.626334521669772926E+01    0.578900709525361323E+00    0.386654106603013026E+00    0.302571489894783663E+00    0.101171974409207323E+03
    0.139148903233121731E-01    0.697108083316506253E+02    0.741265391039696375E+01    0.746175718748443018E+00    0.401995953595259303E+00    0.430606865507934256E-01    0.870341500517310749E+02
    0.135388597243865701E-01    0.695655992605281597E+02    0.617240041337570045E+01    0.324366292985601268E+00    0.342153376151849431E+00    0.882797222437863738E+00    0.488388189372882493E+03
    0.126149439807178888E-01    0.695069630749472651E+02    0.799940157278366115E+01    0.433480375845588961E+00    0.358600834854437001E+00    0.579680867370506059E+00    0.236543997711881758E+03
    0.126118907476050757E-01    0.693074471995963677E+02    0.764279431641479157E+01    0.671941429654003719E+00    0.383174176059659144E+00    0.250835188399393227E+00    0.154309710115872150E+03
    0.121752755419341115E-01    0.691779127567499188E+02    0.704621432212107379E+01    0.663417049689343674E+00    0.376626437397863778E+00    0.291890065610203808E+00    0.872077206238999167E+02
    0.137634881616254239E-01    0.687326887567419078E+02    0.616783569080514837E+01    0.374242004684431084E+00    0.361853843502597416E+00    0.571253074330740129E+00    0.189192360353476374E+03
    0.124781891961971599E-01    0.687287628458266937E+02    0.786990760791042199E+01    0.388166132347822601E+00    0.390832828724313686E+00    0.283784279034132947E+00    0.245816534294188330E+03
    0.130506275629397282E-01    0.684390549142838864E+02    0.959866354393734156E+01    0.520472963753687790E+00    0.379103406516286767E+00    0.271997922379859258E+00    0.239672832332369524E+03
    0.150917519439349550E-01    0.679484306263269957E+02    0.755192265335503787E+01    0.504797509913219145E+00    0.372395719379738088E+00    0.318188311353412967E+00    0.132479026369783355E+03
    0.182361928591799373E-01    0.673699108816681758E+02    0.973199563799975387E+01    0.370207327559710253E+00    0.371641476487974964E+00    0.380096964877737475E+00    0.264485866808481262E+03
    0.277106411186715737E-01    0.663330943670710553E+02    0.668523714033883287E+01    0.535102426687732113E+00    0.395855900487188328E+00    0.205115975520874488E+00    0.192928648054414765E+03
    0.331180538733990976E-01    0.657765702218781172E+02    0.851873636529021994E+01    0.613691335823392414E+00    0.389985083984894398E+00    0.123457430801844195E+00    0.126818897385267547E+03
    0.302273423581106218E-01    0.657592335759941591E+02    0.859865601328875684E+01    0.383362202469074431E+00    0.373811544731060319E+00    0.415048462157398435E+00    0.294882404173989073E+03
    0.280767845352948957E-01    0.657068412342382686E+02    0.751678504346376020E+01    0.505395496237679320E+00    0.378556811886969047E+00    0.344902862054058068E+00    0.177604859624858477E+03
    0.291696222672506271E-01    0.654304716888599245E+02    0.825929359209892766E+01    0.413049439077244673E+00    0.365148674513860905E+00    0.438995946868483478E+00    0.278782739092071836E+03
    0.268767065187712657E-01    0.653942073921275693E+02    0.738935418105034181E+01    0.547739835220356630E+00    0.395187480213535336E+00    0.158467222838754473E+00    0.147942667756805633E+03
    0.244138090803432406E-01    0.653864295214813609E+02    0.832808174617245101E+01    0.369028621321640493E+00    0.371146039229804048E+00    0.448800657791406155E+00    0.297102890935064408E+03
    0.234323942125870439E-01    0.652684884915992711E+02    0.598667454015200029E+01    0.697974283409848573E+00    0.387041002450181193E+00    0.205028461338218643E+00    0.788537731818753258E+02
    0.212992106793939151E-01    0.652593873282905292E+02    0.781962338597591078E+01    0.539323690149616897E+00    0.391680242782788512E+00    0.176609034350618976E+00    0.150576596842887540E+03
    0.196704475403868470E-01    0.652184925885838140E+02    0.562480145869216486E+01    0.633914121420683485E+00    0.377414737185328586E+00    0.380900680685966553E+00    0.165337385417389413E+03
    0.182511104681648134E-01    0.651682755062410308E+02    0.831244333892908749E+01    0.613634101169611812E+00    0.387801074421092296E+00    0.115089993660870832E+00    0.117601850295642819E+03
    0.192949518835638205E-01    0.648570403552154460E+02    0.745761477857937471E+01    0.460498652172171952E+00    0.375101974443307618E+00    0.382402411826430755E+00    0.200689227419529033E+03
    0.183266315474043123E-01    0.647600168021887299E+02    0.717194373029168819E+01    0.618195051097657378E+00    0.391025939453501725E+00    0.146404916264830209E+00    0.100216699713563997E+03
    0.168223018787484017E-01    0.647313163600324657E+02    0.841149102413312022E+01    0.555617230185137201E+00    0.379438988063192040E+00    0.250931891347525526E+00    0.199887254177469771E+03
    0.159996911599912285E-01    0.646315885186312329E+02    0.635749870850275656E+01    0.607410669093511713E+00    0.393258503763659617E+00    0.197311622311040658E+00    0.144852326977110863E+03
    0.259066609371582726E-01    0.636643949054469545E+02    0.749623154809309789E+01    0.436296535334732893E+00    0.373935219243581418E+00    0.412232767371084940E+00    0.292837258119024682E+03
    0.274405153745131483E-01    0.635493539657072972E+02    0.744961542680810851E+01    0.406431255766275368E+00    0.374222685992184279E+00    0.402896801988959774E+00    0.405345734480545957E+03
    0.278033230324615521E-01    0.635230840406203328E+02    0.714485480044254206E+01    0.573319092202093206E+00    0.384661619782288688E+00    0.236580289379051123E+00    0.146188248419938020E+03
    0.272877038516499519E-01    0.635605227500856955E+02    0.624250657372214235E+01    0.519306141811527455E+00    0.379355258584074428E+00    0.369876497606511423E+00    0.239793261282066311E+03
    0.328716810444470778E-01    0.631881720776528581E+02    0.728557281656850542E+01    0.479097609015580517E+00    0.386282847661943929E+00    0.256792389527447651E+00    0.263338640269482767E+03
    0.329336309736459609E-01    0.631844064273975619E+02    0.658536383385868263E+01    0.694673108305149722E+00    0.389657217081698037E+00    0.106220171015765100E+00    0.800260377868974899E+02
    0.228201309524986885E-01    0.639181089689812651E+02    0.669080237961602275E+01    0.720154589836393244E+00    0.393667053624062790E+00    0.109811423935910091E+00    0.940079418744022917E+02
    0.252024953382531496E-01    0.637195091128612603E+02    0.536547956313788088E+01    0.757352609135621857E+00    0.381704856321731234E+00    0.267571457534001134E+00    0.143515430165870896E+03
    0.209168770150516478E-01    0.640922824432305305E+02    0.891452594851511648E+01    0.495853097926696962E+00    0.383974727053709053E+00    0.198597064288878078E+00    0.218267014468651013E+03
    0.616446494794014588E-01    0.619306222604325214E+02    0.736788372718218110E+01    0.478729329377954094E+00    0.371397034750685084E+00    0.369998639720649780E+00    0.303310013514607249E+03
