    0.711864298880965123E+02    0.306204623187179614E+00    0.125947193278165254E+00   -0.219501705735959796E+01    0.396177568182449113E+04   -0.356402698009036503E+45   -0.230091898153046470E+01    1
    0.110445663472392113E+02    0.211924095798355555E+00    0.175567791907674131E+00   -0.471583678059514355E+01    0.745457403609867561E+04   -0.168080677957345100E+42   -0.240091898153046435E+01    1
    0.252645199549523909E+02    0.856929105485778719E+00    0.497267761605559055E+01   -0.120028823027921461E+01    0.429407647494334924E+04   -0.266673675715557581E+20   -0.250091898153046444E+01    1
    0.926292757478505280E+02    0.118997391960556555E-01    0.726317157876630315E+01    0.333516654897565523E+01    0.575183791935748013E+04   -0.682552088508653184E+18   -0.260091898153046497E+01    1
    0.498567650134278892E+02    0.340026478177995473E+00    0.442957993351076507E+01    0.105551649627840338E+01    0.186224418694095220E+04   -0.788046199834292960E+17   -0.270091898153046506E+01    1
    0.665316049193447725E+02    0.150195019266051805E+00    0.249039438993657436E+01   -0.169158413300330412E+01    0.593206447263974042E+04   -0.106302866183733788E+16   -0.280091898153046470E+01    1
    0.189297463442495548E+02    0.421760287205162121E+00    0.384016487288408870E+01   -0.470296820882027422E+01    0.185773494612425156E+04   -0.783799081303674125E+15   -0.290091898153046479E+01    1
    0.569836185234678325E+02    0.240149913876397558E+00    0.277266829166898354E+01   -0.163220265721662317E+00    0.936428774475965724E+03   -0.376194150126117750E+15   -0.300091898153046532E+01    1
    0.653988601277743982E+02    0.125885533380181741E+00    0.162612566117512225E+01    0.856889161534116206E+00    0.542825204551087518E+04   -0.264391700553102781E+15   -0.310091898153046586E+01    1
    0.144287383681890503E+03    0.935313150972338914E-01    0.221557533512109384E+01    0.905650506359135909E+00    0.672218492563585414E+03   -0.131263263968716453E+15   -0.320091898153046506E+01    1
    0.305378075989254061E+01    0.947892476212115809E+00    0.756194888746507199E+00    0.266807922510248163E+01    0.327926099073867636E+04   -0.689038880788767422E+14   -0.330091898153046515E+01    1
    0.152724920960815496E+03    0.524626881987003760E-01    0.207009695442704400E+01   -0.298168045554564998E+01    0.668467276555945205E+03   -0.135924328805676611E+13   -0.340091898153046479E+01    1
    0.261659757686180825E+02    0.913397088939085777E-01    0.208893798269045750E+01   -0.436514895955934357E+01    0.483923007835750559E+04   -0.957549073690898438E+12   -0.350091898153046488E+01    1
    0.327325707943574074E+02    0.674771539129182946E-01    0.135952801622306807E+01   -0.771882550076096852E+00    0.416249229186689990E+04   -0.387876691253777710E+12   -0.360091898153046541E+01    1
    0.814165488208150201E+01    0.392198545378735441E+00    0.877271357813856900E+00    0.204550446924402118E+01    0.995188120249363351E+03   -0.752272904839409637E+11   -0.370091898153046506E+01    1
    0.106334996970513913E+03    0.104083590204600736E-01    0.131977340474811755E+01   -0.170034493355146621E+01    0.146851117702575220E+04   -0.455918357358983994E+11   -0.380091898153046559E+01    1
    0.731281390492885652E+01    0.184606266017695898E-01    0.328531671892602850E+00   -0.862200605173575441E+00    0.410600004980990616E+04   -0.432279666629219651E+08   -0.390091898153046568E+01    1
    0.380712899133162281E+02    0.621562332550483418E-01    0.355216882125636124E+00    0.267814042979930056E+01    0.460313721056618397E+04   -0.178304534864991531E+08   -0.400091898153046532E+01    1
    0.975740060782751684E+01    0.481395241350885961E-01    0.318845091632908473E+00    0.347222427987621618E+01    0.438926534718235234E+04   -0.146285088792491928E+08   -0.410091898153046586E+01    1
    0.209058577909992138E+02    0.440436303565659715E-01    0.167838113618290707E+00    0.234085186702029446E+01    0.383569386534639261E+04   -0.135317011321172956E+08   -0.420091898153046550E+01    1
    0.248404694593806568E+02    0.931525546954200867E+00    0.288886081951968299E+00   -0.190762322399905287E+00    0.241378163069012544E+04   -0.712338457684302144E+07   -0.430091898153046603E+01    1
    0.819002958910098222E+00    0.161444830799036876E+00    0.681357400158133175E+00   -0.274600466833383194E+01    0.617682163877571111E+04   -0.352569909045941487E+06   -0.440091898153046568E+01    1
    0.889044064163254575E+02    0.309256456357934306E+00    0.700722025555375772E+00   -0.345635606477143531E+01    0.171456084489318118E+04   -0.168315693956275558E+06   -0.450091898153046621E+01    1
    0.151949101374713962E+02    0.131757122998106720E-01    0.165156347380091689E+00    0.447052835428707773E+01    0.131889100145693033E+04   -0.157635600401895004E+06   -0.460091898153046674E+01    1
    0.106812876707166950E+03    0.798929573062058251E-01    0.340876315173281541E+00   -0.272511829269831307E+00    0.216343959176747512E+04   -0.155109571167620288E+05   -0.470091898153046639E+01    1
    0.118859194749975892E+02    0.120649713290960029E-01    0.514798580564533981E+00   -0.157225047749029656E+01    0.262847859613664195E+04   -0.136065425118327148E+05   -0.480091898153046603E+01    1
    0.727693837365244889E+02    0.175722554862486668E+00    0.525019729509442645E+00   -0.247977950419875670E+01    0.518854842844481391E+04   -0.130380660173496799E+05   -0.490091898153046657E+01    1
    0.604953048196067300E+02    0.306138146882592270E-01    0.447704725370829948E+00    0.321246094972552146E-01    0.330682607766075398E+04   -0.112643938566699399E+05   -0.500091898153046621E+01    1
    0.707950951542190694E+02    0.642970165669566884E-01    0.518331715567049156E+00   -0.248330520576483371E+01    0.391331789420336145E+04   -0.105258020837374224E+05   -0.510091898153046674E+01    1
    0.631785468852553507E+02    0.358697425525148009E-01    0.332785283904010298E+00    0.153084685360665507E+01    0.414371937402053572E+04   -0.985463818346190783E+04   -0.520091898153046639E+01    1
    0.895742982931378720E+02    0.247627542314062421E+00    0.353610550365699772E+00    0.389068818856129317E+00    0.636088396598890085E+04   -0.751458176609335169E+04   -0.530091898153046692E+01    1
    0.115102823179014351E+03    0.130366072323117199E+00    0.308021547211297042E+00    0.133951914780548709E+01    0.406916003601749298E+04   -0.329041092632761593E+04   -0.540091898153046657E+01    1
    0.683532338368493129E+02    0.875073921789113196E-01    0.428088829046679553E+00   -0.823029294966769243E+00    0.523936288968138160E+04   -0.291344086088610902E+04   -0.550091898153046710E+01    1
    0.361486146639497505E+02    0.550683295690485089E-01    0.349451376709055461E+00    0.258240472062726753E-01    0.467684703534333767E+04   -0.229570892399586455E+04   -0.560091898153046674E+01    1
    0.374956749947702548E+02    0.148052675970707873E-01    0.444951014636317865E+00    0.241026359611733326E+00    0.165123748126028204E+04   -0.202221555021629797E+04   -0.570091898153046639E+01    1
    0.534244325563638682E+02    0.941695404692120541E-01    0.399267794300371404E+00   -0.623489023605000692E+00    0.430107433382498766E+04   -0.181707622984042928E+04   -0.580091898153046692E+01    1
    0.160803929639878135E+03    0.409328057154946176E-01    0.294973140244223941E+00    0.908076332081390936E+00    0.355369115334121625E+04   -0.151036910600542410E+04   -0.590091898153046746E+01    1
    0.278726070503118848E+02    0.312173712369109846E-01    0.361123087024891987E+00    0.168283478892036009E+01    0.880432968175756969E+03   -0.150966229697806011E+04   -0.600091898153046710E+01    1
    0.604904247893276832E+02    0.190509503024446691E+00    0.288906858304943115E+00    0.197696391487624723E+01    0.110994734306099599E+04   -0.118163840252844898E+04   -0.610091898153046763E+01    1
    0.134971164431738355E+02    0.117678647262426123E-01    0.409377541616024354E+00    0.901203461958387519E+00    0.156176800031852508E+04   -0.667308412123367134E+03   -0.620091898153046728E+01    1
    0.425570317332105788E+02    0.114127225473290520E-01    0.430480941566829423E+00    0.578381876308495912E+00    0.624403506991120480E+03   -0.578086060579369132E+03   -0.630091898153046603E+01    1
    0.860591293613925217E+02    0.160897411583653012E-01    0.300391507890716503E+00    0.173863708153832031E+01    0.165264954429638692E+04   -0.535690668082654497E+03   -0.640091898153046657E+01    1
    0.667794181315168771E+02    0.154554714695539636E-01    0.248745249362086251E+00    0.243840426827105228E+01    0.243854958128856151E+04   -0.477436125545700634E+03   -0.650091898153046799E+01    1
    0.116374040451902289E+03    0.136425185684219321E-01    0.265288955841601115E+00    0.177441671471827700E+01    0.453928674258477713E+04   -0.384941609412209004E+03   -0.660091898153046763E+01    1
    0.210619221648763073E+02    0.101014664935562493E+00    0.287779851613725157E+00    0.235793362376515425E+01    0.773772328417492190E+03   -0.366390920312072694E+03   -0.670091898153046817E+01    1
    0.177566863086057936E+01    0.175590675507193539E+00    0.336315923286106877E+00    0.210411804562210580E+01    0.668473904563558108E+01   -0.363976840573541097E+03   -0.680091898153046692E+01    1
    0.841083311214080993E+02    0.101316013075064187E+00    0.297815812337840935E+00    0.169038643881750428E+01    0.109176888631684415E+04   -0.356878968936088540E+03   -0.690091898153046746E+01    1
    0.446750343155628613E+02    0.512194932361561481E-01    0.402136554294980075E+00    0.169452620972117496E+00    0.150635988134024001E+04   -0.310593575855985080E+03   -0.700091898153046710E+01    1
    0.351401473104388913E+02    0.177889733035935076E-01    0.433586053995132614E+00    0.292491263686924685E+00    0.766214378310200573E+03   -0.309565445220557024E+03   -0.710091898153046674E+01    1
    0.640942270927509981E+02    0.524044244105917600E-01    0.283555394691679674E+00    0.145692127640871050E+01    0.411610907791261343E+04   -0.279047991353616680E+03   -0.720091898153046728E+01    1
    0.719402980954775302E+02    0.214510385095150330E-01    0.305967892521241069E+00    0.199621910149008919E+01    0.416770430553580184E+03   -0.261918878221721229E+03   -0.730091898153046781E+01    1
    0.451887605900792266E+02    0.164946004445775590E+00    0.332216338747604423E+00    0.799604610729305221E+00    0.219531689184038078E+04   -0.251900556435674446E+03   -0.740091898153046834E+01    1
    0.264131129221615595E+02    0.304185858447057651E-01    0.327693846579150516E+00    0.759641531069356502E+00    0.321755144558238317E+04   -0.232120034252594053E+03   -0.750091898153046799E+01    1
    0.632718863614717364E+02    0.350816878201726662E-01    0.288143771165216833E+00    0.140668290150285547E+01    0.284068199536414340E+04   -0.192743152678838754E+03   -0.760091898153046852E+01    1
    0.101712515257668894E+02    0.190784234683549409E+00    0.320032324373525023E+00    0.158028645537099965E+01    0.143599994383022022E+04   -0.186482188915755501E+03   -0.770091898153046639E+01    1
    0.745097230890481654E+02    0.212176923029014398E-01    0.383194100409791183E+00    0.195633628278581717E+00    0.133753537026346385E+04   -0.174658359620509430E+03   -0.780091898153046781E+01    1
    0.558895125701303002E+02    0.126681664162055008E+00    0.293808913563194940E+00    0.134553693658548057E+01    0.185391788003106694E+04   -0.173894745667839743E+03   -0.790091898153046834E+01    1
    0.739296837961777982E+02    0.182551501988860825E-01    0.247443706603892921E+00    0.356135204087175028E+01    0.861298832473568154E+01   -0.162813745522662657E+03   -0.800091898153046799E+01    1
    0.782695114176245141E+02    0.188144239703255424E-01    0.276106849901455231E+00    0.268194242616318324E+01    0.704824278631423908E+02   -0.162701502160808047E+03   -0.810091898153046763E+01    1
    0.411837818935598960E+02    0.125573824653697191E-01    0.328221462255216812E+00    0.159731664652967531E+01    0.563705978374504184E+03   -0.158298559476218998E+03   -0.820091898153046728E+01    1
    0.527880258334667403E+02    0.279207087590178336E-01    0.291004169299169502E+00    0.227241068261698675E+01    0.240672061489073030E+01   -0.147555984029498404E+03   -0.830091898153046870E+01    1
    0.782634924864237433E+02    0.194655474674050311E-01    0.306676763247090978E+00    0.187991365756280437E+01    0.361268473712139553E+02   -0.143693472106837390E+03   -0.840091898153046834E+01    1
    0.235711690604493427E+02    0.166700961176992034E-01    0.411498153311224135E+00    0.102048414579234192E+01    0.229387366295625270E+03   -0.142775227588332996E+03   -0.850091898153046799E+01    1
    0.271299764829407408E+02    0.609646574969124541E-01    0.268192092991944464E+00    0.305155591817509197E+01    0.321795525542137284E+01   -0.141420443757320527E+03   -0.860091898153046763E+01    1
    0.347452516377453691E+02    0.304933129098781223E-01    0.249546001647758142E+00    0.259034149070193687E+01    0.668730321617288837E+03   -0.140979585634174725E+03   -0.870091898153046728E+01    1
    0.552154619314989219E+02    0.204569648334063312E-01    0.253936851035022948E+00    0.236617954928433250E+01    0.768681602828193490E+03   -0.137711188138505833E+03   -0.880091898153046870E+01    1
    0.317988224985495407E+02    0.108719668366554258E-01    0.391180587488448084E+00    0.115203597985247685E+01    0.144482304460472250E+03   -0.126981918064452742E+03   -0.890091898153046834E+01    1
    0.545432503122051742E+02    0.244644349880556999E-01    0.318962170337717899E+00    0.109184588992970921E+01    0.162759282132447879E+04   -0.126893166249643087E+03   -0.900091898153046799E+01    1
    0.571726802068823119E+02    0.217192493729892432E-01    0.241022590899829220E+00    0.244443933419726322E+01    0.834168898372452986E+03   -0.126759964585506140E+03   -0.910091898153046941E+01    1
    0.406483273759316219E+02    0.129910572720329572E-01    0.412859749507948293E+00    0.825547835048584644E+00    0.428380363305624314E+02   -0.125802133170556544E+03   -0.920091898153046905E+01    1
    0.726074054733174563E+02    0.127790411702172046E-01    0.270500252848231149E+00    0.198398664485723075E+01    0.344366032269548555E+03   -0.124951504575627027E+03   -0.930091898153046870E+01    1
    0.508700900714014423E+02    0.162763160236648677E-01    0.341063523528410795E+00    0.724256847835240913E+00    0.166727120316245009E+04   -0.123599856385456278E+03   -0.940091898153046834E+01    1
    0.205373336481838820E+02    0.158970411015063283E-01    0.358685108236480699E+00    0.610689086395227454E+00    0.132493334619941561E+04   -0.123117609222456423E+03   -0.950091898153046799E+01    1
    0.408612231083844790E+01    0.352966448210374900E-01    0.345769618445860238E+00    0.173939764778105532E+01    0.849782667714066974E+03   -0.122967552818446549E+03   -0.960091898153046941E+01    1
    0.499819956396842784E+02    0.204750612278913197E-01    0.309527243029896149E+00    0.114390330412985675E+01    0.108416418575048283E+04   -0.112554166009482969E+03   -0.970091898153046905E+01    1
    0.280555339507919754E+02    0.151731499985174583E-01    0.366564313723935942E+00    0.106486209823055722E+01    0.987817184655599476E+02   -0.109934270572196709E+03   -0.980091898153046870E+01    1
    0.294994269430038116E+02    0.426754910865359410E-01    0.268562567482396541E+00    0.191929311102494005E+01    0.156959644106377982E+04   -0.109352386161414103E+03   -0.990091898153046834E+01    1
    0.755887177736815907E+01    0.393956205233649132E-01    0.281456270311053192E+00    0.242561780278333305E+01    0.450687640148573109E+03   -0.109211165918696437E+03   -0.100009189815304698E+02    1
    0.362764730575204624E+02    0.145554616301635416E-01    0.295571471026957688E+00    0.165156365929997984E+01    0.725661172739576614E+03   -0.108472046167869053E+03   -0.101009189815304694E+02    1
    0.351023447352068558E+02    0.233280136491233435E-01    0.278537997732907605E+00    0.176205983123298093E+01    0.569033641674191358E+03   -0.107804872972744207E+03   -0.102009189815304691E+02    1
    0.197907863502324304E+02    0.300514104275589090E-01    0.287111445123894915E+00    0.189234413726355855E+01    0.107051247495661300E+04   -0.106588076719635694E+03   -0.103009189815304687E+02    1
    0.250243439434313544E+02    0.199029592914265370E-01    0.305564396654733950E+00    0.147553501418674315E+01    0.161495506069084195E+04   -0.104225263578006292E+03   -0.104009189815304683E+02    1
    0.417062955248243767E+02    0.280263856027437828E-01    0.307103393872861119E+00    0.122256759350566613E+01    0.105967179724568314E+04   -0.103739716969852608E+03   -0.105009189815304680E+02    1
    0.310870218444721260E+02    0.187091455898574996E-01    0.357447650332438249E+00    0.926455419559600313E+00    0.709002071982441748E+03   -0.103361288413305630E+03   -0.106009189815304694E+02    1
    0.222485870093980687E+02    0.343963038662130557E-01    0.271295859644790249E+00    0.183269101420438729E+01    0.221248520534386626E+04   -0.103003156618581016E+03   -0.107009189815304691E+02    1
    0.204808289925401539E+02    0.271535716437200196E-01    0.271855791571471161E+00    0.175493331804956121E+01    0.185223374422320103E+04   -0.101409760501891753E+03   -0.108009189815304687E+02    1
    0.106282435005903899E+02    0.241618242822029469E-01    0.411675589726534619E+00    0.959113032561032086E+00    0.352808440886388496E+03   -0.985362151557064863E+02   -0.109009189815304701E+02    1
    0.166583836458984393E+02    0.668950510504286028E-01    0.263142561783515971E+00    0.209079785491621584E+01    0.882389714519243057E+03   -0.983301614022903010E+02   -0.110009189815304698E+02    1
    0.138708947077707059E+02    0.380053350982595059E-01    0.343747640385980491E+00    0.125390547283855258E+01    0.952194523177758811E+03   -0.955913092269349391E+02   -0.111009189815304694E+02    1
    0.115584722850310833E+02    0.150487137766112597E-01    0.434792320085078510E+00    0.555074940027586616E+00    0.429339284958471694E+03   -0.950347026875563330E+02   -0.112009189815304691E+02    1
    0.831648053799785103E+01    0.295612101164294538E-01    0.405064748998416602E+00    0.121084767136605520E+01    0.506957148424628485E+02   -0.949053912098752619E+02   -0.113009189815304705E+02    1
    0.292010652835570639E+02    0.225087347867196259E-01    0.368694764985897649E+00    0.509491617696824606E+00    0.919732761324658668E+03   -0.941067627622663991E+02   -0.114009189815304701E+02    1
    0.156933392296958605E+02    0.226054121847518059E-01    0.303903826918358100E+00    0.167498907865031077E+01    0.809215345971129636E+03   -0.930306445705772234E+02   -0.115009189815304698E+02    1
    0.334707951616195274E+02    0.188891838569153064E-01    0.339852322403712936E+00    0.823798232810422748E+00    0.126767413779024901E+04   -0.929311616457826233E+02   -0.116009189815304694E+02    1
    0.263722030803357157E+02    0.307306127242991875E-01    0.316443616511952741E+00    0.122846190749491146E+01    0.137129734049103672E+04   -0.912978283962009129E+02   -0.117009189815304691E+02    1
    0.150837535818034176E+02    0.427828417289900648E-01    0.340458835102883717E+00    0.132079018964284667E+01    0.469815810890241664E+03   -0.907368897925902900E+02   -0.118009189815304705E+02    1
    0.923436503408398934E+01    0.548148415075317974E-01    0.252361805407287643E+00    0.227973361429767607E+01    0.133079034249507436E+04   -0.894414981863527458E+02   -0.119009189815304701E+02    1
    0.183247178384318090E+02    0.318280548339449076E-01    0.329742670810297456E+00    0.125769536236304580E+01    0.977666510323802868E+03   -0.882040046271549727E+02   -0.120009189815304698E+02    1
    0.114999716090125350E+02    0.436976377398027513E-01    0.285902973941250083E+00    0.188151111363301671E+01    0.882801284316243027E+03   -0.880171642738895770E+02   -0.121009189815304694E+02    1
    0.182169510708383449E+02    0.329940181704332577E-01    0.289193892318859502E+00    0.161585449274544213E+01    0.675667575652500204E+03   -0.855037609239680307E+02   -0.122009189815304691E+02    1
    0.623365357665710462E+01    0.258567358190815166E-01    0.391221848159066521E+00    0.105873498735795701E+01    0.570554541435600072E+03   -0.844457920308736618E+02   -0.123009189815304705E+02    1
    0.103591552754123946E+02    0.378292630910555677E-01    0.355252726370666905E+00    0.933085619727149651E+00    0.628965889868544991E+03   -0.840633577465537343E+02   -0.124009189815304701E+02    1
    0.108675898000709861E+02    0.481061434137516827E-01    0.483650364204850358E+00    0.336821663643216640E+00    0.131611062674179976E+03   -0.838720181836967669E+02   -0.125009189815304698E+02    1
    0.215950340034365311E+02    0.454654209875384324E-01    0.321527437196312604E+00    0.104430073951661595E+01    0.973565276879246653E+03   -0.833968611501259147E+02   -0.126009189815304712E+02    1
    0.817309284401249947E+01    0.356557356610524290E-01    0.457219165526112581E+00    0.669276662940380684E+00    0.903293615979943354E+02   -0.793766411304473962E+02   -0.127009189815304708E+02    1
    0.856261132983453521E+01    0.341737307929744424E-01    0.319561895399500806E+00    0.155462890789809793E+01    0.925131523334739313E+03   -0.789370733162537164E+02   -0.128009189815304705E+02    1
    0.186029610855755294E+02    0.529633634833503036E-01    0.345414496648331959E+00    0.978288165821864064E+00    0.682090331234046062E+03   -0.782633739520135947E+02   -0.129009189815304701E+02    1
    0.681296949904119398E+01    0.346321974617880973E-01    0.402281857869284887E+00    0.914848055765689061E+00    0.416962744133569572E+03   -0.782147483115761588E+02   -0.130009189815304698E+02    1
    0.903984223160352407E+01    0.386362939028494778E-01    0.421649394806140554E+00    0.757830863415208555E+00    0.248051331657752712E+03   -0.774112482852531940E+02   -0.131009189815304712E+02    1
    0.182679168387423019E+02    0.543180947641991804E-01    0.334969508849876807E+00    0.101677567659523360E+01    0.915299831351404350E+03   -0.768510328836769645E+02   -0.132009189815304708E+02    1
    0.112276640951255100E+02    0.410064630838541389E-01    0.359403898756126050E+00    0.100960588431263920E+01    0.673037521316186940E+03   -0.766221003148259570E+02   -0.133009189815304705E+02    1
    0.156464284970481291E+02    0.309938555005663252E-01    0.335946304328700540E+00    0.114429972023971538E+01    0.709902622977896385E+03   -0.763538378683689132E+02   -0.134009189815304701E+02    1
    0.131883591172451347E+02    0.400367659399709502E-01    0.360406367383109438E+00    0.919567780626970310E+00    0.580327325671374297E+03   -0.763492271822666027E+02   -0.135009189815304715E+02    1
    0.113002093331618756E+02    0.333179133036271696E-01    0.338062461211071807E+00    0.123359948753839777E+01    0.782121076929656510E+03   -0.754738694235188916E+02   -0.136009189815304712E+02    1
    0.107109175862853547E+02    0.610005308615949732E-01    0.394728020152825321E+00    0.748247246689618506E+00    0.305509599615687989E+03   -0.753506045278240322E+02   -0.137009189815304708E+02    1
    0.935643214655434896E+01    0.422794112619537393E-01    0.286386204075345818E+00    0.162015981756781002E+01    0.523714844044573056E+03   -0.744700413515264756E+02   -0.138009189815304723E+02    1
    0.125478920258491691E+02    0.380691492898746486E-01    0.327605638999668325E+00    0.124412458356848843E+01    0.874522757527074987E+03   -0.730710711263861015E+02   -0.139009189815304701E+02    1
    0.680438690155410164E+01    0.325094554792111565E-01    0.305438767324035021E+00    0.159987172726102611E+01    0.634609216318691097E+03   -0.730427633348551950E+02   -0.140009189815304715E+02    1
    0.117985754032211130E+02    0.485430633022555860E-01    0.326236416144451924E+00    0.119846194365962311E+01    0.474680366689262087E+03   -0.729846260212367781E+02   -0.141009189815304712E+02    1
    0.817367006035943255E+01    0.437607040459496929E-01    0.322524232999921667E+00    0.132593095769916869E+01    0.693697441380774194E+03   -0.729346978912776649E+02   -0.142009189815304708E+02    1
    0.114294500327039543E+02    0.411127269128727796E-01    0.286591931810626477E+00    0.163050658584697361E+01    0.140683142069503401E+04   -0.727829190517694400E+02   -0.143009189815304723E+02    1
    0.118846345889631273E+02    0.454790323041665834E-01    0.325042029956217504E+00    0.121297160213801347E+01    0.521505935397457279E+03   -0.725771262870939466E+02   -0.144009189815304719E+02    1
    0.976264759325090381E+01    0.178079271213577792E-01    0.302848717702469017E+00    0.149323207532261049E+01    0.477959263768603535E+03   -0.721866611366557294E+02   -0.145009189815304715E+02    1
    0.965318898673239545E+01    0.335329381448793082E-01    0.291246954640268063E+00    0.156426223503359951E+01    0.827035571200185359E+03   -0.720257403982635367E+02   -0.146009189815304712E+02    1
    0.783245435331572004E+01    0.421274527673789756E-01    0.275680813338396724E+00    0.181172214111902563E+01    0.905853075840694942E+03   -0.717776710603564965E+02   -0.147009189815304708E+02    1
    0.757212512009845362E+01    0.359139049123426771E-01    0.316920755925070297E+00    0.147138096281445296E+01    0.789089291861638912E+03   -0.715912574675664217E+02   -0.148009189815304723E+02    1
    0.125862381125974423E+02    0.444686971704174941E-01    0.308618877504717559E+00    0.140895877910798939E+01    0.105789353234205510E+04   -0.715754864575856544E+02   -0.149009189815304719E+02    1
    0.751642809550858093E+01    0.579654613860846324E-01    0.319878330686419854E+00    0.142990435663522009E+01    0.928490289427592415E+03   -0.714924696727023843E+02   -0.150009189815304715E+02    1
    0.932634605807756323E+01    0.339851997325955404E-01    0.325714970674269300E+00    0.131549107018595501E+01    0.810845514238930036E+03   -0.714349239908546565E+02   -0.151009189815304730E+02    1
    0.133340825082300896E+02    0.715322695857952551E-01    0.325331812498868500E+00    0.116901311463866397E+01    0.696055026302086503E+03   -0.714309657479283260E+02   -0.152009189815304726E+02    1
    0.105091026942006316E+02    0.678328001914838274E-01    0.300628466470889921E+00    0.153760386915157699E+01    0.119405614681744919E+04   -0.711946268798042041E+02   -0.153009189815304723E+02    1
    0.110851993446727271E+02    0.261437953381609064E-01    0.311211731201809227E+00    0.138678547450481915E+01    0.639194119202534466E+03   -0.711609953936253703E+02   -0.154009189815304719E+02    1
    0.124922783342680823E+02    0.378553337739716000E-01    0.303450676487997173E+00    0.142241101680015314E+01    0.104703981382330858E+04   -0.710960875761206523E+02   -0.155009189815304715E+02    1
    0.117128116342879345E+02    0.191117157967575155E-01    0.314412194662981592E+00    0.136546708654212656E+01    0.101480655001391960E+04   -0.710211094900750197E+02   -0.156009189815304730E+02    1
    0.125410538723419265E+02    0.550103772632791477E-01    0.305631579816613375E+00    0.139082571441861136E+01    0.102519699381724649E+04   -0.709597321107407168E+02   -0.157009189815304726E+02    1
    0.113876439371420020E+02    0.456945628819350400E-01    0.296038717661489148E+00    0.153462585668436535E+01    0.116788471910230419E+04   -0.705699369187691019E+02   -0.158009189815304723E+02    1
    0.108457816012255481E+02    0.646166242551133169E-01    0.308563964435051852E+00    0.141718615383531032E+01    0.121497531686592015E+04   -0.704467682730565201E+02   -0.159009189815304737E+02    1
    0.109153748834287008E+02    0.382391519643952640E-01    0.295404585056342150E+00    0.152873583387397005E+01    0.965712624229563517E+03   -0.704355992996352001E+02   -0.160009189815304715E+02    1
    0.103468960984879885E+02    0.234866793676993951E-01    0.304628488385940699E+00    0.151177628415235943E+01    0.117988674365768406E+04   -0.702554623238957987E+02   -0.161009189815304730E+02    1
    0.983965997007644688E+01    0.785826714188611192E-01    0.292842783567024034E+00    0.160605153509714249E+01    0.119538095785368614E+04   -0.701318275079594713E+02   -0.162009189815304708E+02    1
    0.782378703434913536E+01    0.236347621286713688E-01    0.292874538396606154E+00    0.165141220755629070E+01    0.753360360285684237E+03   -0.701079575577713427E+02   -0.163009189815304723E+02    1
    0.865489954661228644E+01    0.603374975531947924E-01    0.317615473398739134E+00    0.138241508221296172E+01    0.686396317388749821E+03   -0.698389480489609156E+02   -0.164009189815304737E+02    1
    0.946923561014051884E+01    0.439923713187138354E-01    0.295145733443791913E+00    0.156205892500119314E+01    0.756783173295516235E+03   -0.697034829274471832E+02   -0.165009189815304715E+02    1
    0.992431666441503069E+01    0.337145486185119053E-01    0.305210473242047975E+00    0.146495277543870239E+01    0.787434446119976428E+03   -0.695866391753851588E+02   -0.166009189815304730E+02    1
    0.103741442835821722E+02    0.419996496708201980E-01    0.308997140968448603E+00    0.143814352998869999E+01    0.974419134329551980E+03   -0.694878735490259629E+02   -0.167009189815304744E+02    1
    0.809142956473795749E+01    0.665342722482448051E-01    0.289517605939503764E+00    0.169507078526013499E+01    0.126454854045281218E+04   -0.693988414717411359E+02   -0.168009189815304723E+02    1
    0.112865000794869630E+02    0.920733817852819048E-01    0.320402783347713827E+00    0.124887435476215547E+01    0.715939648065593019E+03   -0.693920440352151644E+02   -0.169009189815304737E+02    1
    0.909207881203238522E+01    0.821654951410992346E-01    0.309765171687906460E+00    0.145744332513234287E+01    0.101855066040180020E+04   -0.693799335581725813E+02   -0.170009189815304751E+02    1
    0.865565551666622213E+01    0.502752367197638952E-01    0.302579058631728293E+00    0.155909746995170817E+01    0.101110277794666342E+04   -0.692269588570509313E+02   -0.171009189815304730E+02    1
    0.968007992328887745E+01    0.580737155750543910E-01    0.295051928081703274E+00    0.157770034857038532E+01    0.976199116926004763E+03   -0.690274566006206385E+02   -0.172009189815304744E+02    1
    0.787885003259272310E+01    0.140665182745189771E+00    0.298447036212581618E+00    0.155755964051087825E+01    0.115432212495186991E+04   -0.688358080629375735E+02   -0.173009189815304723E+02    1
    0.681216608105918286E+01    0.721444817075135858E-01    0.292951405847392599E+00    0.164533379337463437E+01    0.120757877539340097E+04   -0.687523956123484368E+02   -0.174009189815304737E+02    1
    0.102952479863789108E+02    0.101062464875516886E+00    0.304080292527667828E+00    0.141016220354665989E+01    0.883957318984584845E+03   -0.686422648097181280E+02   -0.175009189815304751E+02    1
    0.988746040062233789E+01    0.952774315725094106E-01    0.317425582102422166E+00    0.130115471347955935E+01    0.886445718727080020E+03   -0.686396432191315853E+02   -0.176009189815304730E+02    1
    0.790135281237108167E+01    0.828509096009940466E-01    0.307660019307538501E+00    0.145240325788246505E+01    0.113424681795635775E+04   -0.686318310380584791E+02   -0.177009189815304744E+02    1
    0.803366061749159321E+01    0.676261340414925916E-01    0.305547279874089639E+00    0.149832368398857407E+01    0.114806984758524550E+04   -0.686145932780153061E+02   -0.178009189815304723E+02    1
    0.819456355004619752E+01    0.871524231693284607E-01    0.302062076275075531E+00    0.153934827112028705E+01    0.116113377369508407E+04   -0.685751339443372245E+02   -0.179009189815304737E+02    1
    0.808150859085887063E+01    0.455068839416450932E-01    0.299743984205353309E+00    0.157256413838452946E+01    0.100937203010874680E+04   -0.685383372450966846E+02   -0.180009189815304751E+02    1
    0.878375052541835544E+01    0.439452515615380221E-01    0.296542961926790138E+00    0.159140487729273672E+01    0.100771071940667593E+04   -0.684886266982540377E+02   -0.181009189815304730E+02    1
    0.104958411973621821E+02    0.125713212948445813E+00    0.309515195145149691E+00    0.135917324456138333E+01    0.862315105795908721E+03   -0.684354623373259443E+02   -0.182009189815304744E+02    1
    0.841385748196404926E+01    0.637047569281698617E-01    0.303651095119164494E+00    0.151879242277354587E+01    0.113423247641193825E+04   -0.684309346886934406E+02   -0.183009189815304758E+02    1
    0.809930376718054923E+01    0.609640839449742539E-01    0.298624903013510412E+00    0.158338261649368928E+01    0.111641184382568917E+04   -0.683067625184779104E+02   -0.184009189815304737E+02    1
    0.809553263619439356E+01    0.565417785752771948E-01    0.297732493061514170E+00    0.156534581816061036E+01    0.114360561125171853E+04   -0.680327372334997733E+02   -0.185009189815304751E+02    1
    0.910129058967150151E+01    0.114959557797139830E+00    0.310566659256327648E+00    0.140524417025677151E+01    0.919610221850395874E+03   -0.679877362625337724E+02   -0.186009189815304730E+02    1
