    0.256542774403928053E+01    0.302522211087842219E+00    0.223802051456017531E+00    0.259556404785723105E+01    0.158979348600231151E+04   -0.601440281208300362E+02
    0.440861967068969030E+01    0.106513265827894388E+00    0.245337983081001881E+00    0.242385081586635653E+01    0.867473270622957443E+03   -0.590650857092450892E+02
    0.415224127443322644E+01    0.153390737979773151E+00    0.246283114983213230E+00    0.237908197900000440E+01    0.124923315433055950E+04   -0.586038353845263842E+02
    0.446415621145030528E+01    0.169199214775924228E+00    0.240820339617549339E+00    0.244642545736141281E+01    0.546192747670574136E+03   -0.584550455360730155E+02
    0.398054926053527280E+01    0.305378295673141398E+00    0.268408638319267090E+00    0.198431341179098752E+01    0.584120029221049663E+03   -0.580409790991148853E+02
    0.303941955546861475E+01    0.256724200051918372E+00    0.246303538433233243E+00    0.231570745531091493E+01    0.838399456763430635E+03   -0.575871383368153360E+02
    0.295607437905325421E+01    0.332717435143368545E+00    0.230615317831028982E+00    0.251422447545890204E+01    0.608787198574486979E+03   -0.573924691590055431E+02
    0.303938503606121468E+01    0.289633072793477941E+00    0.249249513640738218E+00    0.237287901564636350E+01    0.711303623095205580E+03   -0.573833226430771717E+02
    0.424652571440787341E+01    0.284311341258216166E+00    0.254079585640211381E+00    0.225241624887128777E+01    0.480073998413967161E+03   -0.571264921196098783E+02
    0.539011365583583313E+01    0.266951000095618396E+00    0.265186723887078868E+00    0.203587667581280751E+01    0.502582037125452416E+03   -0.570456182964243439E+02
    0.402302387568086139E+01    0.365120283734604922E+00    0.254219168030275555E+00    0.215038316426662623E+01    0.747017275535894555E+03   -0.568425226019147161E+02
    0.289753412185515380E+01    0.409135226139704489E+00    0.243933988906037652E+00    0.225244223237130203E+01    0.685607379000759920E+03   -0.567005883462898339E+02
    0.402002638288915737E+01    0.320876700543295590E+00    0.271547122759862758E+00    0.194934363644628927E+01    0.598464368145834896E+03   -0.566287652527603811E+02
    0.335123615275552389E+01    0.285294646412379838E+00    0.239434556392186082E+00    0.240586168522372024E+01    0.416351096149229306E+03   -0.562262358337126500E+02
    0.332827236707658125E+01    0.282406377140693055E+00    0.252104113405608565E+00    0.226206232092577730E+01    0.405187178217149949E+03   -0.551999074783809434E+02
    0.332827236707658125E+01    0.282406377140693055E+00    0.252104113405608565E+00    0.226206232092577730E+01    0.405187178217149949E+03   -0.551999074783809434E+02
    0.286471866522160035E+01    0.369082205948092434E+00    0.242510868456321721E+00    0.235375978969798183E+01    0.769742758363925077E+03   -0.549591026586361835E+02
    0.286471866522160035E+01    0.369082205948092434E+00    0.242510868456321721E+00    0.235375978969798183E+01    0.769742758363925077E+03   -0.549591026586361835E+02
    0.260754934837735286E+01    0.371362933120782390E+00    0.258122689465054123E+00    0.221074229950311674E+01    0.363840517918600995E+03   -0.548313861165835803E+02
    0.260754934837735286E+01    0.371362933120782390E+00    0.258122689465054123E+00    0.221074229950311674E+01    0.363840517918600995E+03   -0.548313861165835803E+02
    0.361859693095421031E+01    0.295617461174542018E+00    0.252678102814104855E+00    0.222257349638050616E+01    0.883270341055090967E+03   -0.548061524372438811E+02
    0.361859693095421031E+01    0.295617461174542018E+00    0.252678102814104855E+00    0.222257349638050616E+01    0.883270341055090967E+03   -0.548061524372438811E+02
    0.250629535275011284E+01    0.404600429052244637E+00    0.244877772308993130E+00    0.232408949443846957E+01    0.572062597429458833E+03   -0.545894826556788502E+02
    0.250629535275011284E+01    0.404600429052244637E+00    0.244877772308993130E+00    0.232408949443846957E+01    0.572062597429458833E+03   -0.545894826556788502E+02
    0.358425849756709836E+01    0.308583468332002731E+00    0.266303451630555355E+00    0.207017412063471751E+01    0.442591458874479713E+03   -0.544576279348600210E+02
    0.358425849756709836E+01    0.308583468332002731E+00    0.266303451630555355E+00    0.207017412063471751E+01    0.442591458874479713E+03   -0.544576279348600210E+02
    0.377933585824163965E+01    0.309704112743750370E+00    0.266233259599056860E+00    0.208834206333606742E+01    0.555596208033394305E+03   -0.544370235403779716E+02
    0.283679712833075959E+01    0.345841749443116575E+00    0.263020121494126402E+00    0.211220198765418354E+01    0.454121111644933137E+03   -0.544019994695759408E+02
    0.380016108007734044E+01    0.321660592006850266E+00    0.252384465285834525E+00    0.220177420498528242E+01    0.736151644073704006E+03   -0.542786667949203405E+02
    0.380016108007734044E+01    0.321660592006850266E+00    0.252384465285834525E+00    0.220177420498528242E+01    0.736151644073704006E+03   -0.542786667949203405E+02
    0.296267924721943610E+01    0.325992128280417015E+00    0.239585832053924475E+00    0.239695003824569675E+01    0.682683387436832732E+03   -0.542087012547112153E+02
    0.350815169016980288E+01    0.311439868866146774E+00    0.255194029258919708E+00    0.218123457959820932E+01    0.789228533812841761E+03   -0.542038821817683072E+02
    0.268753124656727671E+01    0.400567413601923938E+00    0.249545766558597226E+00    0.227598587261694352E+01    0.480717866920033146E+03   -0.541976275182070850E+02
    0.367908201025237691E+01    0.309516673079930416E+00    0.255276546872255816E+00    0.221803354695235022E+01    0.520765481274458239E+03   -0.541869758174139449E+02
    0.323950583219823018E+01    0.320065838645738343E+00    0.257360390947027506E+00    0.221700474834625894E+01    0.587725474592308160E+03   -0.541111864053231812E+02
    0.293197103809381332E+01    0.345297990686332157E+00    0.256532250262024808E+00    0.220408442853663189E+01    0.732472691193660694E+03   -0.541052364948964595E+02
    0.311957574257098003E+01    0.357402619014342726E+00    0.249561417230991067E+00    0.227486403884092425E+01    0.633083284402432469E+03   -0.539288289003551569E+02
    0.277652993866099251E+01    0.378421003490753916E+00    0.245709380050528642E+00    0.229971469070586831E+01    0.708328985711448468E+03   -0.537236636553601699E+02
    0.372578407699558278E+01    0.316194564968842351E+00    0.261539185990681489E+00    0.212009213052970891E+01    0.563807480339025687E+03   -0.536148558225177965E+02
    0.264567630403732990E+01    0.352423855196626501E+00    0.253514456609407357E+00    0.224276997222183994E+01    0.571052668878729378E+03   -0.536112532840956320E+02
    0.244173189128220924E+01    0.437582659656841400E+00    0.257633003347552125E+00    0.213300529387904092E+01    0.617300725321956065E+03   -0.535848814088466341E+02
    0.349386848905763392E+01    0.389459752606514387E+00    0.260545387912522131E+00    0.210804097736757434E+01    0.497405673807467053E+03   -0.535780298459107485E+02
    0.333217885586467188E+01    0.347319553503277534E+00    0.260801542134635689E+00    0.210655036349582847E+01    0.407428828450426636E+03   -0.534272441705853538E+02
    0.353568097161385708E+01    0.346612470229193670E+00    0.269435877988781380E+00    0.201074377560909179E+01    0.454512220058702212E+03   -0.533791784105442844E+02
    0.344987213088584133E+01    0.342831682617475930E+00    0.263882064764835056E+00    0.209610016573259417E+01    0.458008074821891910E+03   -0.531050833488913980E+02
    0.324809883327261328E+01    0.363992427541642571E+00    0.262398081783434489E+00    0.210414141319816217E+01    0.508699028342478869E+03   -0.526363555521441810E+02
    0.324809883327261328E+01    0.363992427541642571E+00    0.262398081783434489E+00    0.210414141319816217E+01    0.508699028342478869E+03   -0.526363555521441810E+02
    0.304638535464338478E+01    0.428038088093213698E+00    0.268409718901205685E+00    0.201971107068257982E+01    0.276129924694922806E+03   -0.529368439015510717E+02
    0.274938970412921657E+01    0.425265135364067071E+00    0.254377065955171344E+00    0.216738031650899954E+01    0.580586372908909880E+03   -0.528625068007081040E+02
    0.274938970412921657E+01    0.425265135364067071E+00    0.254377065955171344E+00    0.216738031650899954E+01    0.580586372908909880E+03   -0.528625068007081040E+02
    0.356500335196543006E+01    0.386336683204921871E+00    0.265848940481855034E+00    0.204781284019444598E+01    0.373068700097028568E+03   -0.532254749002352483E+02
    0.316612731834614314E+01    0.414337516773599313E+00    0.264877822670908536E+00    0.206798803882738813E+01    0.360184269639125773E+03   -0.530246072463893299E+02
    0.316612731834614314E+01    0.414337516773599313E+00    0.264877822670908536E+00    0.206798803882738813E+01    0.360184269639125773E+03   -0.530246072463893299E+02
    0.336790690446727536E+01    0.325285141746458339E+00    0.255596301411323334E+00    0.219623947688284282E+01    0.591580121838690843E+03   -0.530916785481036584E+02
    0.334661286344207953E+01    0.420415327669181549E+00    0.261882462508709224E+00    0.204545942967693728E+01    0.333622901752248367E+03   -0.530461797561843369E+02
    0.334661286344207953E+01    0.420415327669181549E+00    0.261882462508709224E+00    0.204545942967693728E+01    0.333622901752248367E+03   -0.530461797561843369E+02
    0.269222493143947617E+01    0.391301410515264680E+00    0.262824276561778924E+00    0.211788915995590843E+01    0.540851488940134686E+03   -0.532204349343638583E+02
    0.355020274396883906E+01    0.349054359151120097E+00    0.267607209971313431E+00    0.203605830622115169E+01    0.399731452990741900E+03   -0.532472720668104245E+02
