    0.245138308556110438E+02    0.103797217393631662E+02    0.228116869939623346E+01   -0.120028823027921461E+01    0.132103879524288715E+03   -0.408824228624474530E+62   -0.230091898153046470E+01    1
    0.296304323816969806E+01    0.114815333951578129E+02    0.346897234054005299E+00    0.266807922510248163E+01    0.100883880708006458E+03   -0.211211737832374564E+59   -0.240091898153046435E+01    1
    0.183672834809431293E+02    0.510865413938974378E+01    0.176163921832775605E+01   -0.470296820882027422E+01    0.571517519408167445E+02   -0.499662690324691826E+32   -0.250091898153046444E+01    1
    0.483753622363026210E+02    0.411863735857412383E+01    0.203202778784069960E+01    0.105551649627840338E+01    0.572904751817909883E+02   -0.723136743313074599E+31   -0.260091898153046497E+01    1
    0.789974046686698372E+01    0.475058174772409014E+01    0.402439916044505575E+00    0.204550446924402118E+01    0.306161784282520628E+02   -0.307443488432030198E+25   -0.270091898153046506E+01    1
    0.552904543017503443E+02    0.290886289870615622E+01    0.127193528499455488E+01   -0.163220265721662317E+00    0.288084934509887418E+02   -0.762330544291715953E+22   -0.280091898153046470E+01    1
    0.869127615044039175E+02    0.299943713869455175E+01    0.162215486615509580E+00    0.389068818856129317E+00    0.195687583585027625E+03   -0.168502528587310822E+19   -0.290091898153046479E+01    1
    0.645547397082229963E+02    0.181926660751725366E+01    0.114244480943881532E+01   -0.169158413300330412E+01    0.182495289731478749E+03   -0.283876067453678480E+17   -0.300091898153046532E+01    1
    0.634556523607237466E+02    0.152481319531897341E+01    0.745969726165378044E+00    0.856889161534116206E+00    0.166995897355811024E+03   -0.296994314993134688E+15   -0.310091898153046586E+01    1
    0.586930622198095335E+02    0.230758369325913737E+01    0.132533281481638565E+00    0.197696391487624723E+01    0.341466555012783317E+02   -0.274564506618797656E+15   -0.320091898153046506E+01    1
    0.898769658797912854E+02    0.144137923236989041E+00    0.333191108354384680E+01    0.333516654897565523E+01    0.176950761817082054E+03   -0.196830086973787688E+15   -0.330091898153046515E+01    1
    0.862627742420689287E+02    0.374592943867529637E+01    0.321449584126143217E+00   -0.345635606477143531E+01    0.527471135207995090E+02   -0.591709036881146797E+14   -0.340091898153046479E+01    1
    0.728410865768238658E+00    0.729541587275061132E+00    0.361476513446336689E+01    0.456664418150429707E+01    0.167209139779372975E+03   -0.256066152629270156E+14   -0.350091898153046488E+01    1
    0.140000147419511194E+03    0.113291638527744731E+01    0.101637417421030318E+01    0.905650506359135909E+00    0.206802722945893507E+02   -0.163771708040605195E+14   -0.360091898153046541E+01    1
    0.794667780775767163E+00    0.195553215455625717E+01    0.312566245864057624E+00   -0.274600466833383194E+01    0.190025051107784719E+03   -0.340345463031153516E+13   -0.370091898153046506E+01    1
    0.107935996644745344E+03    0.555009066339180790E+00    0.894218560174340760E+00   -0.123728496428888515E+00    0.303534556691644255E+02   -0.563969659202285647E+09   -0.380091898153046559E+01    1
    0.253885015550508015E+02    0.110637012560771275E+01    0.958280489711945793E+00   -0.436514895955934357E+01    0.148875100616387584E+03   -0.171262491188277572E+09   -0.390091898153046568E+01    1
    0.105240910170427810E+03    0.763126339024321254E+00    0.989619550427026540E+00   -0.275459724166788877E+01    0.215968462723643668E+02   -0.638563179292423278E+08   -0.400091898153046532E+01    1
    0.745352093353167504E+02    0.634572843640617390E+00    0.101329412370899630E+01   -0.393485140407858136E+01    0.926627396704931670E+02   -0.204854159121399447E+08   -0.410091898153046586E+01    1
    0.148186978677824328E+03    0.635464592946445084E+00    0.949637346669620408E+00   -0.298168045554564998E+01    0.205648690896314292E+02   -0.728420951764239464E+07   -0.420091898153046550E+01    1
    0.317599821945124141E+02    0.817330251588584633E+00    0.623670584746318202E+00   -0.771882550076096852E+00    0.128055795804805683E+03   -0.360769038951268606E+07   -0.430091898153046603E+01    1
    0.814369382298648929E+02    0.160592563505898545E+01    0.273673697838809626E+00    0.139638612412121943E+01    0.154927508786952103E+03   -0.103290699281886569E+07   -0.440091898153046568E+01    1
    0.295962370329462310E+01    0.136213213685594026E+00    0.159615805282347001E+01   -0.269247523893412755E+01    0.733149162167891717E+02   -0.828421552740209270E+06   -0.450091898153046621E+01    1
    0.369400710187261296E+02    0.752879557275184519E+00    0.162952376077191458E+00    0.267814042979930056E+01    0.141611889552206435E+03   -0.770079136261183769E+06   -0.460091898153046674E+01    1
    0.112925086296592880E+03    0.317163788033434757E+00    0.669438831146718760E+00   -0.132674590657614666E+01    0.124530025193212310E+03   -0.124416227022064471E+06   -0.470091898153046639E+01    1
    0.147434211154749519E+02    0.159593397533641268E+00    0.757639081475223741E-01    0.447052835428707773E+01    0.405746425287950601E+02   -0.813085840397561697E+05   -0.480091898153046603E+01    1
    0.138628200381110901E+03    0.718748233114945845E+00    0.350317655715867649E+00    0.709771566386979025E+00    0.204565128491778069E+03   -0.650546655965411628E+04   -0.490091898153046657E+01    1
    0.241621036574283750E+02    0.357693438930431540E+00    0.584286709808948701E+00   -0.359321909688166630E+00    0.653460202967956718E+02   -0.230167641995662461E+04   -0.500091898153046621E+01    1
    0.210280391924516756E+02    0.200751567429579197E+00    0.925849296483897410E-01    0.433077906314249894E+01    0.735383189259316197E+02   -0.198742983187280925E+04   -0.510091898153046674E+01    1
    0.946747725732399914E+01    0.583099420930882739E+00    0.146267162110149479E+00    0.347222427987621618E+01    0.135032290181083084E+03   -0.113199123164987463E+04   -0.520091898153046639E+01    1
    0.760291068814879480E+02    0.586373003220552302E+00    0.464246584758880809E+00   -0.955216838475044128E+00    0.184793382438824182E+03   -0.619577807713983248E+03   -0.530091898153046692E+01    1
    0.191252875939703681E+01    0.248519555614409804E+00    0.102393565843832801E+00    0.429475474789026990E+01    0.828209640129151126E+02   -0.597449133455659421E+03   -0.540091898153046657E+01    1
    0.951794856871552781E+02    0.767328948409186751E+00    0.554256764562509496E+00   -0.314225047213581554E+01    0.144422274551247796E+03   -0.522623177749926072E+03   -0.550091898153046710E+01    1
    0.695947658156372029E+02    0.507941379931451276E+00    0.603919056215845185E+00   -0.332079337542187059E+01    0.541281069044036869E+02   -0.238138417238800429E+03   -0.560091898153046674E+01    1
    0.599182377252512879E+02    0.454264959839365545E+00    0.845695059649950870E-01    0.478211511174917536E+01    0.861234046678785035E+02   -0.192387807050198404E+03   -0.570091898153046639E+01    1
    0.496189819396604506E+02    0.382802003754208475E+00    0.255883448580025596E+00    0.188313666273805858E+01    0.232692386036287587E+03   -0.139996268071989732E+03   -0.580091898153046692E+01    1
    0.222918311299513192E+02    0.398451657257073932E+00    0.190856383567519106E+00    0.293779570412834889E+01    0.144130197508023400E+03   -0.122796443899304592E+03   -0.590091898153046746E+01    1
    0.126824366182922063E+03    0.122554460740133486E+00    0.543073127522724852E+00   -0.229435695402909312E+01    0.470040268882989025E+02   -0.984463620099478760E+02   -0.600091898153046710E+01    1
    0.103175446611093264E+03    0.126073288565128616E+00    0.605433533733699014E+00   -0.170034493355146621E+01    0.451775893470646039E+02   -0.900414385845826644E+02   -0.610091898153046763E+01    1
    0.480015163623821195E+02    0.274629477142757039E+00    0.594034649081437549E+00   -0.238394326205928841E+01    0.399188833222605339E+02   -0.884489602618124877E+02   -0.620091898153046728E+01    1
    0.474543324125875188E+02    0.329605611462465142E+00    0.530122347128011540E+00   -0.769836669110751548E+00    0.345545299532431684E+02   -0.880288896273811901E+02   -0.630091898153046603E+01    1
    0.214337746067201635E+02    0.383730479250094847E+00    0.222637504907313016E+00    0.295445713509409957E+01    0.184459667023469279E+03   -0.863765353721486093E+02   -0.640091898153046657E+01    1
    0.565947257391478828E+02    0.373493181073297986E+00    0.354054822516050749E+00    0.948244102932270239E+00    0.814537278044798256E+02   -0.788949427830451953E+02   -0.650091898153046799E+01    1
    0.692397640586960339E+01    0.373138898332451174E+00    0.201210795514202484E+00    0.335862691222275167E+01    0.661897608715164978E+02   -0.786442934091135442E+02   -0.660091898153046763E+01    1
    0.223393473421726227E+02    0.341577833185522262E+00    0.177317445348677605E+00    0.352527984300882569E+01    0.897007579227473144E+02   -0.715889500284763614E+02   -0.670091898153046817E+01    1
    0.124134407225066525E+03    0.217101093314461119E+00    0.596199817727000703E+00   -0.225651442007541769E+01    0.470445827548438942E+02   -0.655126138746565800E+02   -0.680091898153046692E+01    1
    0.533497357207513545E+02    0.417478341437190703E+00    0.397375652452882866E+00    0.159127805948939161E+00    0.588179277738551676E+02   -0.650334513893804740E+02   -0.690091898153046746E+01    1
    0.135659083338693705E+03    0.353269629552209641E+00    0.463011135847659072E+00   -0.977672758761370719E+00    0.696091068306984937E+02   -0.639891831070470971E+02   -0.700091898153046710E+01    1
    0.558317720880077886E+02    0.259595167068615684E+00    0.665039057815172585E+00   -0.253221780634294724E+01    0.303238124306686814E+02   -0.628955447858833736E+02   -0.710091898153046674E+01    1
    0.550738315915564414E+02    0.269659724219488084E+00    0.765425697856650045E+00   -0.346347177520533656E+01    0.165707981893330825E+02   -0.620853821112985287E+02   -0.720091898153046728E+01    1
    0.213691121810258622E+02    0.295703782655045766E+00    0.490910544876595245E+00   -0.398357189240917675E+00    0.894462143796957179E+02   -0.613650692044279111E+02   -0.730091898153046781E+01    1
    0.905922259354151862E+02    0.126489505842944383E+00    0.548261371902915240E+00   -0.193005774113396944E+01    0.390141035545289228E+02   -0.610972585706802676E+02   -0.740091898153046834E+01    1
    0.121714504193193619E+03    0.218443552512140732E+00    0.625056630814527558E+00   -0.288369820752963602E+01    0.384371524333070482E+02   -0.598275591198809735E+02   -0.750091898153046799E+01    1
    0.355688521825630914E+02    0.322538171197848222E+00    0.396595302246878223E+00    0.240343267100318031E+00    0.578990090130488042E+02   -0.597132005968822384E+02   -0.760091898153046852E+01    1
    0.642593493202055921E+01    0.331590914078215560E+00    0.357854497724904130E+00    0.919037513790956329E+00    0.917789806432770376E+02   -0.571808576511865994E+02   -0.770091898153046639E+01    1
    0.619278838965882414E+02    0.329126758555344678E+00    0.625150393828811657E+00   -0.255085880090080375E+01    0.311512118770564541E+02   -0.571286438197200042E+02   -0.780091898153046781E+01    1
    0.820450862027803041E+01    0.670509549148848971E+00    0.295125014364212013E+00    0.163433513355836868E+01    0.684560004115098479E+02   -0.566376237363817623E+02   -0.790091898153046834E+01    1
    0.133578249242921672E+02    0.471101905475125038E+00    0.301180510270600610E+00    0.142572835694487177E+01    0.911114511530483782E+02   -0.565468660763277242E+02   -0.800091898153046799E+01    1
    0.236966117237585436E+02    0.344443108636527551E+00    0.599768633238388360E+00   -0.189421084538991535E+01    0.456302250897183583E+02   -0.562434072128553666E+02   -0.810091898153046763E+01    1
    0.748731128053384776E+01    0.733894776352056133E+00    0.328838678023370190E+00    0.114626778804905771E+01    0.575771820820225173E+02   -0.533851283096568991E+02   -0.820091898153046728E+01    1
    0.330535473438990977E+02    0.203359735903043792E+00    0.372813460857110923E+00    0.407918701719531152E+00    0.789172383710274090E+02   -0.525568015187034234E+02   -0.830091898153046870E+01    1
    0.555864861228312606E+02    0.231678986389426023E+00    0.433882496460307854E+00   -0.741082667717048338E+00    0.626092605992029902E+02   -0.523540638188224108E+02   -0.840091898153046834E+01    1
    0.104355036819610064E+03    0.296659505721088235E+00    0.493515636666437052E+00   -0.162546177622935017E+01    0.368372670920692329E+02   -0.522004969190149879E+02   -0.850091898153046799E+01    1
    0.277994842671490083E+02    0.366339965878336948E+00    0.400160006126432877E+00    0.142365074555412280E+00    0.616244178907950015E+02   -0.521190428674684370E+02   -0.860091898153046763E+01    1
    0.333122807231584019E+02    0.416270423936577150E+00    0.506807058218230799E+00   -0.102347725645745058E+01    0.439902212938587311E+02   -0.520690476197191572E+02   -0.870091898153046728E+01    1
    0.228343485402091844E+02    0.698182841681380451E+00    0.536396336202066282E+00   -0.145817804886340219E+01    0.184945690715268825E+02   -0.501990173485398898E+02   -0.880091898153046870E+01    1
    0.814898068538798412E+02    0.167070072233321071E+00    0.440654134212965010E+00   -0.690487997984325808E+00    0.746495447137816512E+02   -0.497429740500312505E+02   -0.890091898153046834E+01    1
    0.195923028922069911E+02    0.513501652641792039E+00    0.395683428401753079E+00    0.180120103305225043E+00    0.365659446834467445E+02   -0.494660672017116028E+02   -0.900091898153046799E+01    1
    0.755012638726262821E+02    0.583815149185011317E+00    0.491196155914896904E+00   -0.157943456984325770E+01    0.435309755087950236E+02   -0.488425684583512734E+02   -0.910091898153046941E+01    1
    0.267164096971162905E+02    0.248345234923429442E+00    0.395116261723942985E+00    0.195650547438101396E+00    0.747127026535828662E+02   -0.483419808905026116E+02   -0.920091898153046905E+01    1
    0.148372604202112583E+02    0.552482889867518812E+00    0.460475669856781289E+00   -0.861347170060172918E+00    0.452051097426717448E+02   -0.476460782556886429E+02   -0.930091898153046870E+01    1
    0.661071531434653110E+02    0.475500015364878348E+00    0.526524734722575549E+00   -0.182104666353088773E+01    0.436512936207087279E+02   -0.467205398854136504E+02   -0.940091898153046834E+01    1
    0.203175963755004609E+02    0.589791145759452129E+00    0.463221101978651240E+00   -0.597020125524657774E+00    0.452176436716250336E+02   -0.464514394284421996E+02   -0.950091898153046799E+01    1
    0.345328843945514450E+02    0.254596806589165392E+00    0.401120107445241791E+00   -0.187235848643997560E+00    0.575175605885281769E+02   -0.462010167084046941E+02   -0.960091898153046941E+01    1
    0.403120791416440838E+02    0.138369769389190600E+00    0.432631412274332994E+00   -0.469931042154896783E+00    0.729131670689220641E+02   -0.459210871150560180E+02   -0.970091898153046905E+01    1
    0.221251839708663702E+02    0.194413705746681126E+00    0.448974190661159345E+00   -0.466229061634462261E+00    0.105111290971571933E+03   -0.458252883823095445E+02   -0.980091898153046870E+01    1
    0.463564720027210555E+02    0.445910299663336229E+00    0.483498775831890326E+00   -0.110761933141142488E+01    0.525947551949123024E+02   -0.456137900902101308E+02   -0.990091898153046834E+01    1
    0.473175926135645355E+02    0.182899404878301142E+00    0.450844114406331264E+00   -0.717950715805407813E+00    0.893148750668192406E+02   -0.451776468734700387E+02   -0.100009189815304698E+02    1
    0.345748559817013046E+02    0.302598678435485824E+00    0.409418354111336924E+00   -0.190088796523169290E+00    0.583557189436764148E+02   -0.448169806039702010E+02   -0.101009189815304694E+02    1
    0.187433199375503960E+02    0.344515451376029347E+00    0.477063278178228301E+00   -0.593792330766323317E+00    0.645450840367692251E+02   -0.429327728189041764E+02   -0.102009189815304691E+02    1
    0.186089437346135007E+02    0.139892742802538939E+00    0.417931170903787952E+00   -0.661006400080867695E-01    0.977415222328000368E+02   -0.428286927828115651E+02   -0.103009189815304687E+02    1
    0.312002124420951077E+02    0.400865536532613975E+00    0.432233442619798458E+00   -0.531620087874624225E+00    0.301840099835655167E+02   -0.425361847736404357E+02   -0.104009189815304683E+02    1
    0.242593442027294550E+02    0.125263407778060415E+00    0.409086105206105499E+00   -0.578885070716274180E-01    0.926419694434911918E+02   -0.419071096464273509E+02   -0.105009189815304680E+02    1
    0.183635535958035057E+02    0.469437229595801198E+00    0.442917082881573387E+00   -0.328126481515020385E+00    0.610911838411081547E+02   -0.418052512649446797E+02   -0.106009189815304694E+02    1
    0.261545276498992010E+02    0.308839484199238457E+00    0.422215530734344813E+00   -0.265734645431072836E+00    0.545382948800758953E+02   -0.414470681067188451E+02   -0.107009189815304691E+02    1
    0.174221598800750854E+02    0.188468437201923716E+00    0.394607790982321682E+00    0.490339876949574538E-01    0.802285756783884949E+02   -0.414152911265684835E+02   -0.108009189815304687E+02    1
    0.153559446257662664E+02    0.351045158973975036E+00    0.392699080932117084E+00   -0.367703235940717924E-01    0.612567049171493210E+02   -0.408710354716250848E+02   -0.109009189815304701E+02    1
    0.217247657995838424E+02    0.182739112976428641E+00    0.382752539350466492E+00    0.213967497441661825E+00    0.548475989778676123E+02   -0.407421975886517060E+02   -0.110009189815304698E+02    1
    0.268780140934565495E+02    0.677456616180952764E+00    0.452941491228266324E+00   -0.805771830704168468E+00    0.261053940268441877E+02   -0.398691218386008259E+02   -0.111009189815304694E+02    1
    0.290351478511677037E+02    0.387409418175690523E+00    0.457216744392582308E+00   -0.752771981400048307E+00    0.693337172854896409E+02   -0.398652502547514729E+02   -0.112009189815304691E+02    1
    0.274449900204835977E+02    0.497171974177421483E+00    0.461992909007910679E+00   -0.814330918225578237E+00    0.483012102766730607E+02   -0.392417127678517446E+02   -0.113009189815304705E+02    1
    0.252566852584108972E+02    0.668947130046535388E+00    0.436195076493741896E+00   -0.757727844888980151E+00    0.399473456263511650E+02   -0.390485084320196663E+02   -0.114009189815304701E+02    1
    0.259126256322201627E+02    0.477515403374154601E+00    0.462364699591363282E+00   -0.923649172767663895E+00    0.731703630228388988E+02   -0.388741049145573498E+02   -0.115009189815304698E+02    1
    0.989253579139774253E+01    0.142253068169558933E+00    0.341632381501645876E+00    0.809940552862113528E+00    0.878541299451381548E+02   -0.388064383677594549E+02   -0.116009189815304694E+02    1
    0.156117850853579547E+02    0.253574287975849633E+00    0.370944350873199713E+00    0.343466487325330194E+00    0.432473168971408199E+02   -0.387738545962532797E+02   -0.117009189815304691E+02    1
    0.189419473491734962E+02    0.170493961813302647E+00    0.373329604257160552E+00    0.351161370592953992E+00    0.870041309734330497E+02   -0.387496169198935192E+02   -0.118009189815304705E+02    1
    0.203521620725455747E+02    0.411065809221163148E+00    0.418794446307246881E+00   -0.216101185146024777E+00    0.499747278729199493E+02   -0.387116077784907162E+02   -0.119009189815304701E+02    1
    0.198708099208888243E+02    0.336196612844258780E+00    0.396636529038867980E+00    0.228559053353830643E-01    0.627419832127462982E+02   -0.381969579779730140E+02   -0.120009189815304698E+02    1
    0.235006850699984291E+02    0.532681813492209222E+00    0.440955100177289394E+00   -0.667702056911308017E+00    0.298480627337602371E+02   -0.381009496456493508E+02   -0.121009189815304694E+02    1
    0.851958366556684510E+01    0.366677744374724557E+00    0.368456669108407076E+00    0.428061379375674789E+00    0.474736200831311805E+02   -0.375390552165757185E+02   -0.122009189815304691E+02    1
    0.180104499078359446E+02    0.307303003329274294E+00    0.401259027568467042E+00   -0.106345237196844508E+00    0.114058041736002636E+03   -0.375291977093540083E+02   -0.123009189815304705E+02    1
    0.159106184815746623E+02    0.753392725526802476E+00    0.417416093478812367E+00   -0.398260829548915896E+00    0.175591497339566374E+02   -0.373142840324498053E+02   -0.124009189815304701E+02    1
    0.146650155172165988E+02    0.783374572222128251E+00    0.429031631998841922E+00   -0.673060528532568814E+00    0.331988522517507505E+02   -0.361157465137902705E+02   -0.125009189815304698E+02    1
    0.240103942367300327E+02    0.419077240619838087E+00    0.438458002622100718E+00   -0.557318865065639102E+00    0.976308259190291778E+02   -0.360809519440761974E+02   -0.126009189815304712E+02    1
    0.124448940823885756E+02    0.378104204721196269E+00    0.377555129921354038E+00    0.228003258199711900E+00    0.592679825880202884E+02   -0.358331051297014440E+02   -0.127009189815304708E+02    1
    0.187029023985997789E+02    0.422188457020059249E+00    0.423542210150181619E+00   -0.381476215103556782E+00    0.836296027875600032E+02   -0.354104502011904785E+02   -0.128009189815304705E+02    1
    0.174757292988113271E+02    0.769738029323246309E+00    0.428677721612289730E+00   -0.537910600272040296E+00    0.471870603105877322E+02   -0.349903468665189692E+02   -0.129009189815304701E+02    1
    0.155415933728435505E+02    0.311455602821991140E+00    0.397703501886810529E+00   -0.272276730679502921E-01    0.160586953041834818E+03   -0.349885629707811461E+02   -0.130009189815304698E+02    1
    0.138447857772039917E+02    0.654249690811410933E+00    0.427099975531735399E+00   -0.520243426270751375E+00    0.261152641165183681E+02   -0.347261512847742537E+02   -0.131009189815304712E+02    1
    0.174577290829963516E+02    0.786331657005887141E+00    0.437835158106441968E+00   -0.762594821980009607E+00    0.279984462391231546E+02   -0.344155867484937161E+02   -0.132009189815304708E+02    1
    0.187562632429537608E+02    0.525265761911113405E+00    0.415634395691401481E+00   -0.325762262908721567E+00    0.610247980446660847E+02   -0.344077092961677735E+02   -0.133009189815304705E+02    1
    0.144175685792952546E+02    0.631130816508927883E+00    0.435977715927143072E+00   -0.618396421108869720E+00    0.426545952431685578E+02   -0.342379367624104916E+02   -0.134009189815304701E+02    1
    0.101688932304888144E+02    0.929941087443261760E+00    0.425648865273615506E+00   -0.639366933277438654E+00    0.263578740493602481E+02   -0.341562532149355533E+02   -0.135009189815304715E+02    1
    0.119245722089885149E+02    0.979726082532622722E+00    0.419810878156486711E+00   -0.479276198043014079E+00    0.211522568673058586E+02   -0.341057772945687674E+02   -0.136009189815304712E+02    1
    0.158048245387083668E+02    0.746065315847171617E+00    0.431069506174336925E+00   -0.565754626500323599E+00    0.212784182921074319E+02   -0.337808188073746152E+02   -0.137009189815304708E+02    1
    0.128698793420286250E+02    0.677083001536206486E+00    0.391335084680123735E+00   -0.202998900864857570E-01    0.828088184815720183E+02   -0.337498978544821640E+02   -0.138009189815304723E+02    1
    0.138185463117522112E+02    0.668531681708489867E+00    0.402299251953423254E+00   -0.931018830224997346E-01    0.613818003149949050E+02   -0.336597231006099094E+02   -0.139009189815304701E+02    1
    0.981269369028790805E+01    0.501592782246030433E+00    0.382739264138852453E+00    0.185046159067741162E+00    0.508401322327189789E+02   -0.335805133540557534E+02   -0.140009189815304715E+02    1
    0.108068367803981182E+02    0.841631560421064462E+00    0.407345310501004698E+00   -0.324391820299758660E+00    0.322302337929003286E+02   -0.335109248081647237E+02   -0.141009189815304712E+02    1
    0.105215199101788297E+02    0.757599673644601235E+00    0.399388144128922262E+00   -0.569654016228217999E-01    0.377810151872692970E+02   -0.324524373353657225E+02   -0.142009189815304708E+02    1
    0.151767806520217619E+02    0.630300203362525013E+00    0.408372312455377862E+00   -0.276487604119073804E+00    0.734477803440297805E+02   -0.323506643217941843E+02   -0.143009189815304723E+02    1
    0.151298533451506607E+02    0.614151692477923450E+00    0.426572753752756550E+00   -0.373953421593168578E+00    0.536995137316228792E+02   -0.321544486402292407E+02   -0.144009189815304719E+02    1
    0.145521663979053564E+02    0.719603217645975346E+00    0.419928579031879246E+00   -0.359327830316242214E+00    0.566697404312599318E+02   -0.320266829100278443E+02   -0.145009189815304715E+02    1
    0.165395679634418045E+02    0.574726041491856909E+00    0.416247980165187270E+00   -0.291079142836118576E+00    0.865744490171735919E+02   -0.319818987251156130E+02   -0.146009189815304712E+02    1
    0.800230702741590605E+01    0.792053351415938911E+00    0.383681731099372259E+00    0.110118064471399643E+00    0.671908044066940562E+02   -0.318330339958912880E+02   -0.147009189815304708E+02    1
    0.781871234789532377E+01    0.721719794712443186E+00    0.404871230613700173E+00   -0.108277339648096410E+00    0.318143011540055767E+02   -0.312649874001576151E+02   -0.148009189815304723E+02    1
    0.890920292988184315E+01    0.824864304704180817E+00    0.445521711958812572E+00   -0.673729201233215336E+00    0.238710430523766348E+02   -0.308454933407002763E+02   -0.149009189815304719E+02    1
    0.115592584203138244E+02    0.647876698652800176E+00    0.409039199209778770E+00   -0.140158940256204623E+00    0.539123281176873306E+02   -0.306635504661518468E+02   -0.150009189815304715E+02    1
    0.132599654231118755E+02    0.676217040635449407E+00    0.429415931519062544E+00   -0.544782508383284458E+00    0.717917077445497824E+02   -0.306050351118721267E+02   -0.151009189815304730E+02    1
    0.978408237872888975E+01    0.621962822997362608E+00    0.386557260878235720E+00    0.588088201274988495E-01    0.973353217278822456E+02   -0.304429794055995622E+02   -0.152009189815304726E+02    1
    0.829990381791284193E+01    0.766682967691367234E+00    0.417489021743425504E+00   -0.373387509479433555E+00    0.785730899358305237E+02   -0.302954545647316138E+02   -0.153009189815304723E+02    1
    0.767710070513249132E+01    0.816159702886945282E+00    0.392014455714463084E+00   -0.110286912900773686E-01    0.800229406170870163E+02   -0.302374794154649251E+02   -0.154009189815304719E+02    1
    0.127440649364595870E+02    0.514684363376398002E+00    0.399955812808165445E+00   -0.358838896369985116E-01    0.102899004507827598E+03   -0.301351433724256381E+02   -0.155009189815304715E+02    1
    0.106379537477574289E+02    0.629030143064153391E+00    0.399700782012519351E+00   -0.135228553691332437E+00    0.137570963520679896E+03   -0.299413044758271454E+02   -0.156009189815304730E+02    1
    0.952242726210852375E+01    0.744060175891710585E+00    0.395887803999077081E+00   -0.996828386803975258E-01    0.818296586495170004E+02   -0.298415148458801163E+02   -0.157009189815304726E+02    1
    0.912043330572478794E+01    0.662317232875836548E+00    0.407482759412886419E+00   -0.120985857494756377E+00    0.494974913328159190E+02   -0.297277140452402548E+02   -0.158009189815304723E+02    1
    0.108674348312110087E+02    0.654591350255635418E+00    0.405565391709511947E+00   -0.221501285566756856E+00    0.889470614658498988E+02   -0.295885366841805606E+02   -0.159009189815304737E+02    1
    0.136245699076201099E+02    0.721063835271892217E+00    0.436834337105142578E+00   -0.610483739563030925E+00    0.536090881636014132E+02   -0.295628518454659002E+02   -0.160009189815304715E+02    1
    0.861463842071297314E+01    0.679084624860729513E+00    0.403516060832557477E+00   -0.880602611079082109E-01    0.525696122070750462E+02   -0.294387149104619041E+02   -0.161009189815304730E+02    1
    0.780237413277964276E+01    0.971537979433495735E+00    0.417486562936870587E+00   -0.347607897956963674E+00    0.372108619251685866E+02   -0.294352157086951607E+02   -0.162009189815304708E+02    1
    0.128893393251236308E+02    0.706250608312570582E+00    0.418864173341475299E+00   -0.365174124320457316E+00    0.661509324629850255E+02   -0.293459292837313725E+02   -0.163009189815304723E+02    1
    0.886073461624147818E+01    0.906110844964383877E+00    0.432022252240791771E+00   -0.530670849351791096E+00    0.454486759947731827E+02   -0.291211268271097232E+02   -0.164009189815304737E+02    1
    0.998446817589847591E+01    0.620349174047229446E+00    0.406359964794625550E+00   -0.153622289398386458E+00    0.800758432489991634E+02   -0.288537098263784522E+02   -0.165009189815304715E+02    1
    0.115904106689705237E+02    0.876712926807190707E+00    0.454303308136147499E+00   -0.798260988604267308E+00    0.234962979979070532E+02   -0.288206867388229107E+02   -0.166009189815304730E+02    1
    0.643864126338173026E+01    0.909611150570884819E+00    0.412199717377920993E+00   -0.245721868878326893E+00    0.372382958143938936E+02   -0.285896638989585270E+02   -0.167009189815304744E+02    1
    0.784299755755678518E+01    0.111820236717651955E+01    0.444745210630834165E+00   -0.690895759965740708E+00    0.119383523421766853E+02   -0.285257403999213359E+02   -0.168009189815304723E+02    1
    0.968738810107812398E+01    0.660810926682790067E+00    0.398059292546336985E+00   -0.529911583397740110E-01    0.821526113002771439E+02   -0.284323092646546058E+02   -0.169009189815304737E+02    1
    0.904654050693793366E+01    0.741625734008330428E+00    0.406050100380621948E+00   -0.200553196091090985E+00    0.566075570665217569E+02   -0.283156606397631379E+02   -0.170009189815304751E+02    1
    0.905413760966509251E+01    0.851807911632557535E+00    0.435328382681880788E+00   -0.532862144563036488E+00    0.225345413815309712E+02   -0.282998868347129893E+02   -0.171009189815304730E+02    1
    0.870750469355264656E+01    0.108812808678024497E+01    0.453384904684541901E+00   -0.797295807905722853E+00    0.102688500352740810E+02   -0.282876199423250654E+02   -0.172009189815304744E+02    1
    0.752429054080333692E+01    0.113545975990399972E+01    0.440273486145910997E+00   -0.652870179302879716E+00    0.117286805228946527E+02   -0.282006115306884304E+02   -0.173009189815304723E+02    1
    0.102279957228004292E+02    0.792505044692549898E+00    0.426708220889682743E+00   -0.458512028577148290E+00    0.330013383615650184E+02   -0.281533882130159121E+02   -0.174009189815304737E+02    1
    0.110967764067652155E+02    0.766469379981253862E+00    0.422581276098296155E+00   -0.410356081225900504E+00    0.492168966477293210E+02   -0.279754021025053206E+02   -0.175009189815304751E+02    1
    0.106996202430636487E+02    0.840084100199685380E+00    0.432474497907218924E+00   -0.533052661583430787E+00    0.376171994576738200E+02   -0.278216498220771271E+02   -0.176009189815304730E+02    1
    0.884245603484275122E+01    0.820940116132889974E+00    0.422536299528913972E+00   -0.429539703766234182E+00    0.391142509386190085E+02   -0.276997745775732049E+02   -0.177009189815304744E+02    1
    0.942717721683020216E+01    0.973318438678283493E+00    0.429696435746958594E+00   -0.559662554290833891E+00    0.255646493039642486E+02   -0.276944811218686908E+02   -0.178009189815304723E+02    1
    0.803275250184134748E+01    0.971470870873445858E+00    0.427538643887852898E+00   -0.512513492216414068E+00    0.351689005413389282E+02   -0.276729254867505468E+02   -0.179009189815304737E+02    1
    0.799361448182786649E+01    0.935864153299914681E+00    0.422430807144027587E+00   -0.404414616248386038E+00    0.372185966067270400E+02   -0.276389206764158146E+02   -0.180009189815304751E+02    1
