# Energy of the discrete level
# [keV]
0
40.350
92.16
155.23
197
229.47
298.810
301.94
311.904
314.60
320.83
330.42
340.477
353.79
380.43
397.56
398.496
411.17
415.758
425
432
456.114
497
503.62
517.55
522
546.54
561.6
567
572
575
597.24
610
620
635.27
646
660
700
717
749
761.65
766
774
790
802
819
838
865
894
899.4
916
923
938
952
964
982
1002
1016
1043.8
1046
1053
1071
1079
1090
1103
1114
1125
1150
1169
1193
1200.6
1216
1227
1236
1263
1276
1285
1311
1347
1361.8
1366
1420
1482
1536.8
1712.5
1824
1900
1904.3
1931
2021
2070
2094.2
2302.1
2504.0
2725.3
2940.5
3174.0
